4
14
10
11
3
1
6
8
2
1
2
4
1
18
8
3
10
3
8
10
1
18
11
3
1
10
5
1
18
18
9
3
1
3
2
11
12
1
4
16
18
3
10
8
3
3
11
7
1
3
14
8
18
10
11
8
10
6
12
12
4
1
11
1
11
4
18
11
4
4
2
1
11
11
11
10
4
3
8
8
11
11
4
11
8
11
18
11
2
2
5
8
2
11
5
3
4
16
10
8
1
5
2
4
12
15
11
3
4
3
6
11
4
16
2
1
3
5
1
7
10
13
7
8
1
11
1
4
11
1
18
11
3
10
12
3
1
4
12
18
1
2
10
4
1
5
5
1
3
6
4
12
3
10
6
4
11
6
3
2
3
4
3
1
5
3
3
3
8
1
1
8
3
5
4
3
11
1
3
2
3
4
1
6
1
1
8
1
3
5
6
5
4
4
11
1
11
6
10
14
11
10
4
11
3
3
1
11
5
4
6
11
4
4
3
5
1
18
3
10
2
11
18
4
3
3
4
1
2
1
11
13
10
5
3
12
4
3
5
18
6
16
10
3
16
8
10
3
10
2
3
3
10
15
1
1
11
1
1
6
11
11
8
3
5
4
2
3
11
10
11
2
10
1
11
8
10
10
6
3
1
11
4
1
6
11
18
4
11
5
10
3
4
18
5
2
8
4
1
3
4
0
17
1
18
4
17
3
10
11
10
10
13
3
13
6
5
11
8
4
1
8
11
1
1
3
10
3
4
3
11
4
1
11
5
1
11
3
1
11
5
11
10
8
8
18
18
4
3
10
1
1
18
3
12
1
3
10
10
1
5
1
6
11
5
11
18
8
2
11
6
8
2
4
4
10
5
2
7
11
3
3
1
18
3
2
1
1
18
10
11
3
1
4
10
11
2
1
11
2
6
11
3
18
11
3
18
3
18
12
11
11
18
5
15
1
5
1
18
8
11
10
11
11
17
18
18
3
4
13
4
11
5
1
3
11
8
12
3
8
1
11
1
2
18
12
8
11
8
5
12
9
10
1
4
8
5
6
11
7
7
7
3
4
3
10
8
3
13
10
5
1
5
18
1
3
3
1
12
1
16
4
3
16
4
18
4
1
18
3
3
1
1
1
11
1
2
16
1
2
2
11
3
3
1
2
3
6
3
1
3
4
3
11
2
13
8
2
3
2
3
6
1
11
10
1
1
8
3
17
17
1
7
3
8
1
1
11
6
11
5
11
7
3
11
11
16
18
1
6
11
4
13
16
5
11
11
8
10
8
6
3
3
7
1
3
1
10
1
2
1
1
10
2
1
5
18
12
11
1
3
10
1
12
4
5
2
3
2
3
12
4
2
11
10
8
10
7
4
8
