4
4
10
11
3
4
6
8
2
6
2
1
4
4
8
3
10
3
10
10
1
4
11
3
1
10
5
6
4
1
14
3
1
3
2
11
1
6
1
16
18
11
10
8
3
3
11
7
1
3
14
8
18
10
11
3
10
6
12
12
5
4
11
1
11
5
18
11
4
14
2
2
11
11
11
10
4
11
8
8
11
4
6
11
8
11
4
11
2
2
4
8
2
11
5
3
18
4
10
8
18
5
2
16
12
16
11
3
4
3
12
11
18
16
2
6
3
4
4
7
10
4
11
8
1
11
4
4
11
4
2
11
3
10
12
3
1
18
12
18
1
2
4
4
2
5
5
1
3
12
4
2
3
10
6
4
5
6
3
2
3
4
3
1
4
3
3
3
1
1
1
8
3
5
4
3
11
1
3
2
3
18
1
6
1
4
8
1
2
5
6
5
1
1
11
1
11
14
10
14
11
10
11
11
3
3
4
11
5
4
6
11
4
1
3
4
1
4
3
1
2
11
6
11
1
3
4
6
2
1
11
4
10
16
3
12
4
2
5
4
6
16
10
3
16
8
10
3
10
2
3
3
5
4
1
1
11
1
14
14
11
4
8
3
5
4
2
3
11
10
11
2
10
1
11
8
10
10
6
12
18
11
4
6
16
11
1
4
11
5
10
3
4
4
4
2
8
18
4
3
4
10
6
1
4
1
5
3
10
11
10
14
13
3
4
6
5
11
8
4
1
8
7
1
16
3
10
3
4
3
11
4
1
11
5
18
7
3
1
11
5
11
10
8
8
4
1
14
3
4
1
4
18
3
12
1
3
10
10
1
5
1
8
11
1
11
1
8
2
11
10
8
2
4
4
10
4
2
7
11
3
3
4
4
3
2
1
1
18
10
11
3
1
5
10
11
14
4
11
2
14
11
3
4
11
3
4
3
18
12
11
11
6
5
1
1
5
1
14
8
11
10
11
11
4
18
18
3
4
4
18
11
5
1
3
11
8
12
3
8
1
11
1
2
14
12
8
11
8
5
12
4
10
1
18
10
5
6
11
7
2
2
1
4
3
10
8
3
4
10
5
6
1
4
4
3
3
4
12
1
16
4
3
1
4
18
4
4
18
3
3
2
1
1
11
4
2
16
1
2
2
11
3
3
1
2
3
6
3
1
3
1
3
11
10
16
8
2
3
11
3
4
1
4
10
1
6
8
3
5
18
4
4
3
8
4
4
1
6
11
4
11
7
3
11
11
16
4
1
6
11
4
1
16
10
11
11
8
8
8
6
3
3
7
4
3
1
10
4
2
5
1
10
2
1
4
16
12
11
1
3
10
1
12
1
5
11
3
2
3
12
4
2
11
11
8
10
11
4
8
