10
1
1
4
18
4
4
13
4
1
4
1
2
4
1
2
5
18
18
4
4
1
16
2
1
16
4
1
18
4
18
10
1
10
2
1
18
6
5
18
4
4
10
1
13
1
1
4
4
0
4
16
4
18
7
1
4
18
5
4
1
10
14
1
4
18
1
18
1
4
18
1
18
4
8
16
4
4
1
1
16
18
1
4
4
16
1
5
4
1
5
4
7
18
5
2
1
1
4
4
4
4
4
1
1
1
4
11
2
18
4
1
1
18
5
4
4
5
18
14
10
8
1
7
6
8
1
1
2
17
18
13
1
10
18
1
18
8
1
8
4
16
1
10
4
4
18
4
18
1
2
4
6
18
18
10
18
16
4
4
17
18
1
8
4
4
4
18
4
1
18
8
18
1
4
10
13
18
18
4
18
1
1
11
1
4
13
5
1
18
1
1
1
4
1
1
5
1
1
4
18
10
1
18
18
1
1
18
1
10
13
2
4
18
14
15
18
4
18
4
18
1
1
8
1
2
5
1
6
18
18
1
18
4
5
1
1
18
18
7
10
10
18
13
1
1
4
3
18
18
18
10
18
3
18
4
1
10
4
18
18
18
18
10
1
14
13
1
6
4
8
1
18
18
1
2
8
10
18
18
13
10
18
1
4
1
1
5
4
1
8
10
18
18
4
16
18
18
4
18
18
1
8
18
4
10
18
4
5
18
1
4
18
2
18
18
6
18
13
1
18
8
10
1
18
10
1
8
13
1
1
12
18
1
1
4
7
1
4
7
4
18
18
10
4
1
4
4
14
5
4
10
10
4
6
1
18
14
1
10
18
5
1
18
4
10
10
4
8
18
1
16
10
2
4
18
8
4
10
4
4
4
18
13
18
10
1
18
4
10
10
10
6
18
10
3
1
4
18
18
4
18
18
1
18
4
1
1
11
1
1
1
1
18
2
1
0
1
2
4
13
5
5
4
10
1
18
18
2
10
18
2
4
18
11
2
1
1
5
11
1
5
8
18
4
17
18
18
2
8
18
1
16
1
10
1
1
13
1
6
18
4
10
6
1
8
7
18
4
2
10
6
8
18
18
1
18
5
10
18
2
1
4
10
4
8
11
1
4
11
6
2
1
4
4
18
2
4
11
3
4
4
1
4
16
11
11
8
4
1
10
6
18
1
1
5
1
1
18
10
18
7
18
6
18
10
8
1
1
18
4
18
16
1
4
1
1
2
10
5
18
18
4
17
18
4
18
16
1
1
4
1
18
4
4
14
11
4
4
1
5
1
5
18
4
8
18
18
1
10
15
4
4
1
6
1
16
10
4
6
18
5
11
18
10
2
10
18
18
1
2
2
13
18
2
1
18
8
1
18
18
4
1
10
5
18
18
18
6
4
4
1
4
11
11
13
1
4
4
18
18
1
4
18
1
18
1
4
2
4
13
2
10
4
2
1
2
1
5
18
18
18
10
8
1
18
6
18
2
5
4
18
18
18
4
4
11
4
6
1
18
10
4
4
1
1
1
1
18
6
4
1
10
10
10
18
2
18
18
4
1
1
5
1
18
1
18
1
18
16
8
4
5
10
2
4
18
16
4
1
13
18
4
10
1
16
18
10
1
1
6
6
2
16
16
4
1
3
1
1
4
1
4
10
4
18
5
18
1
1
0
18
10
8
4
11
1
1
5
6
6
1
18
4
4
6
10
8
8
10
4
1
1
1
1
4
18
10
16
18
6
4
18
4
10
18
6
4
18
7
4
10
4
4
1
13
1
7
4
10
4
4
4
18
5
8
17
14
1
18
18
18
5
18
4
14
4
2
18
4
1
18
18
4
1
6
4
18
5
1
1
10
2
4
18
18
4
4
13
4
5
1
1
6
10
18
1
1
18
1
4
4
4
10
5
4
18
4
18
10
10
4
18
1
18
18
5
5
1
16
10
11
