11
11
3
3
10
3
3
10
8
4
3
3
1
4
3
2
18
3
4
7
16
1
2
14
4
3
11
3
3
3
11
8
18
8
1
11
17
10
11
5
4
11
4
4
2
3
2
10
1
2
10
4
4
1
3
11
1
3
11
4
3
12
8
18
8
6
2
1
8
4
1
4
6
2
4
6
3
18
8
11
4
8
3
11
3
1
3
1
18
10
6
4
5
16
4
4
2
6
5
13
2
4
3
3
5
2
15
2
10
1
4
16
6
1
14
3
3
10
3
10
1
1
3
16
11
1
1
1
5
3
4
4
3
11
11
14
1
1
2
10
11
4
8
1
3
8
10
2
4
1
10
11
2
18
2
2
2
1
10
5
10
2
11
2
1
14
10
1
10
3
11
3
3
4
2
4
16
3
3
18
4
11
18
3
2
5
10
1
1
4
11
1
11
3
18
4
8
18
12
18
5
17
6
10
12
4
11
3
11
4
18
4
7
1
11
3
3
3
13
5
3
3
8
3
3
2
4
4
1
2
1
6
8
10
1
10
10
15
7
14
1
5
1
18
8
3
1
3
8
1
1
1
4
1
18
12
3
10
18
10
11
10
8
1
1
11
1
2
4
3
12
3
1
11
5
11
3
8
1
3
18
18
8
10
5
4
3
3
11
4
3
13
3
13
4
7
10
3
1
2
8
4
1
3
18
11
12
1
8
1
7
8
3
3
1
11
2
11
11
12
11
6
1
1
5
1
1
18
2
3
4
2
1
4
4
11
10
3
10
11
3
3
7
11
2
11
7
4
5
10
3
8
6
1
1
10
5
1
1
3
8
3
1
6
6
3
3
3
10
18
3
3
1
3
2
13
12
10
12
1
6
11
10
3
5
8
1
1
11
8
3
5
10
5
3
6
12
3
3
1
11
8
5
4
1
4
5
10
4
8
4
1
11
1
3
18
4
18
11
3
8
2
1
3
10
3
3
10
6
11
2
2
2
1
10
6
4
3
8
3
10
3
11
18
11
3
2
18
11
11
2
3
11
10
4
3
11
3
16
2
3
5
11
4
16
1
3
1
1
11
11
5
12
3
4
11
8
1
5
12
2
10
1
3
1
3
6
3
18
11
13
2
10
3
4
11
11
3
2
1
8
6
4
18
5
3
4
10
8
3
11
5
1
11
8
18
10
2
10
5
7
3
6
4
4
8
4
5
6
13
5
11
1
13
10
18
2
11
1
1
4
6
18
5
8
3
13
11
12
11
1
3
1
4
17
10
8
5
2
3
11
5
3
13
7
6
1
3
4
2
1
8
18
4
8
6
3
10
4
14
2
10
6
1
3
3
2
5
8
3
1
12
1
11
3
10
11
4
3
8
