6
1
8
5
10
10
11
6
10
14
10
1
11
10
10
4
8
3
2
8
18
2
11
4
1
6
10
11
10
8
13
3
10
18
4
6
5
1
3
2
8
7
8
3
11
3
10
4
16
3
3
8
8
3
5
11
10
11
11
5
6
11
3
1
8
3
4
17
5
1
3
10
7
1
1
11
1
11
1
10
18
11
3
3
1
10
6
1
4
1
1
16
6
4
10
11
8
1
3
4
10
1
3
1
8
1
2
3
11
1
5
10
8
5
1
4
10
3
8
2
14
12
11
16
1
6
14
6
2
8
10
8
3
5
8
11
3
4
10
6
12
10
2
8
1
1
8
5
6
1
3
3
2
14
1
6
5
10
4
3
3
3
1
18
18
11
2
1
2
10
1
18
6
1
1
1
1
1
1
1
2
3
5
3
16
11
1
11
3
6
2
3
3
2
2
11
6
16
11
3
3
11
18
11
16
8
1
6
4
4
5
16
5
7
3
3
7
1
1
11
4
11
3
1
2
2
3
3
8
4
4
10
11
1
10
3
11
4
8
6
3
10
2
11
4
10
4
1
1
10
11
7
16
11
11
8
7
16
2
4
8
11
6
15
4
7
1
17
1
1
12
6
1
1
4
1
6
11
4
2
3
12
3
12
2
18
2
1
8
5
1
11
3
11
3
11
10
8
1
3
11
4
8
6
12
1
1
5
1
12
8
1
1
3
8
8
3
12
11
1
4
11
2
4
4
5
3
11
11
3
11
3
10
10
11
3
6
10
7
3
1
6
10
11
3
1
2
11
4
18
6
4
1
1
10
11
10
8
18
3
16
8
2
11
11
18
3
5
10
1
10
4
10
8
3
1
11
12
11
6
5
1
3
16
10
10
3
1
3
1
3
18
2
3
6
2
10
3
2
16
1
1
1
18
4
7
10
2
1
5
11
16
4
1
3
3
10
1
11
3
3
8
2
10
3
1
11
5
4
1
11
4
4
10
6
4
1
12
3
1
4
4
10
1
8
11
11
11
1
3
5
4
11
1
10
7
11
1
1
12
3
11
8
11
8
4
8
3
8
8
8
2
11
1
11
3
4
3
18
4
13
5
8
2
1
3
4
11
18
8
4
4
8
8
10
8
10
4
1
3
8
5
2
8
3
2
11
4
3
3
4
11
10
2
18
1
3
11
3
1
18
11
1
1
3
1
3
3
7
2
1
1
6
1
11
14
10
8
1
1
3
18
3
1
1
18
8
10
12
1
18
1
11
12
11
11
12
3
6
2
8
3
1
3
1
7
1
11
3
11
2
3
8
11
11
4
6
5
1
3
1
1
8
4
10
2
3
18
4
17
4
6
8
11
11
2
16
3
11
5
