10
3
7
16
12
13
4
7
11
13
16
3
4
6
4
5
1
1
7
7
9
3
7
3
17
0
0
5
10
17
4
12
15
14
14
12
18
15
4
10
7
6
18
14
4
0
4
7
10
4
5
14
5
4
8
9
16
16
2
5
15
18
7
13
13
14
8
11
0
5
15
11
7
14
8
10
16
0
12
15
7
4
8
10
10
18
16
14
12
9
18
12
3
12
3
11
15
12
13
14
13
7
3
10
6
6
10
8
16
2
17
8
14
6
3
15
13
15
6
18
0
18
3
18
6
17
5
1
11
7
16
0
17
3
1
12
13
5
8
9
12
6
13
7
16
12
3
8
15
15
2
15
12
8
6
4
8
0
3
3
3
16
18
6
13
9
18
5
9
17
10
6
1
1
18
5
14
12
0
17
15
14
3
3
3
8
8
7
18
7
7
3
9
14
10
16
0
16
18
2
9
9
4
13
8
15
13
5
13
7
0
12
5
12
17
0
4
13
8
8
18
9
8
10
7
11
11
1
7
13
5
2
11
14
9
11
10
15
3
1
3
14
5
9
5
7
15
11
2
2
10
12
11
1
2
6
6
8
11
15
14
8
15
11
0
11
18
5
12
12
15
2
12
4
2
6
7
0
18
2
3
3
3
10
1
2
6
17
0
7
7
9
6
17
0
3
17
16
2
10
1
7
18
5
8
4
4
15
18
6
3
7
10
16
7
11
5
6
14
9
16
2
1
14
0
14
3
13
8
12
11
4
11
13
10
17
7
10
16
11
12
8
14
11
11
2
14
13
2
4
10
16
10
8
0
10
12
0
13
7
17
1
16
3
1
0
14
4
6
15
3
10
7
0
11
16
10
5
7
0
17
11
2
11
2
6
5
4
5
0
3
6
12
9
13
12
2
11
12
7
6
17
12
7
15
11
3
7
9
5
14
5
13
13
12
11
5
7
15
16
3
15
2
14
11
10
7
2
8
15
9
11
1
4
18
13
14
17
7
7
3
18
15
17
13
4
16
16
0
10
17
10
12
2
4
17
2
13
18
16
6
12
6
1
11
10
10
3
14
14
6
2
11
14
1
2
6
18
14
13
8
8
10
6
18
15
10
3
16
8
7
15
5
16
17
5
17
11
7
6
14
12
1
4
7
16
1
3
10
1
11
1
12
5
8
16
0
2
11
1
7
8
11
11
5
9
5
16
2
13
6
15
17
10
17
10
0
10
16
1
15
3
16
6
5
17
5
13
12
16
11
16
3
17
4
10
18
0
14
11
4
15
15
5
5
8
0
6
0
8
15
2
9
12
16
2
12
10
0
4
4
17
7
7
3
3
11
11
6
8
4
15
0
7
18
9
11
4
11
