4
18
18
4
1
4
18
18
1
10
16
4
4
1
4
4
1
4
2
1
4
18
10
10
2
4
3
4
6
1
18
1
18
18
13
2
0
11
18
4
4
8
4
7
18
18
8
10
4
18
2
4
8
1
4
2
8
1
11
10
1
4
3
1
16
9
1
18
17
8
18
12
18
0
18
18
4
6
1
16
10
1
10
10
4
18
18
4
2
6
4
5
18
1
3
13
10
5
18
16
10
13
13
18
18
1
2
1
10
4
18
10
4
4
4
2
18
18
4
10
1
4
4
2
18
3
7
18
18
6
6
18
4
5
11
1
2
18
4
2
11
1
14
9
5
4
16
10
4
4
9
16
18
1
18
2
1
16
18
4
18
18
18
1
6
1
1
1
6
10
1
5
10
10
10
18
4
4
1
4
4
16
8
4
11
5
2
1
10
2
5
18
10
4
18
4
4
18
18
6
18
4
4
18
6
1
5
18
10
16
18
10
1
18
4
16
18
18
11
4
18
1
1
1
1
4
18
8
10
10
2
4
18
1
5
4
2
14
6
18
8
4
16
4
1
4
1
18
4
13
18
5
18
4
13
4
18
4
2
14
4
18
5
4
1
4
4
1
18
6
4
4
4
18
1
4
10
18
10
1
16
2
1
18
1
18
4
18
1
13
10
18
18
9
18
4
10
5
1
13
2
8
13
4
1
11
4
1
1
18
18
10
5
18
5
10
11
4
10
14
18
4
5
1
18
6
11
18
1
4
11
6
18
13
4
16
10
5
5
4
1
1
1
4
18
16
4
4
18
5
4
4
13
1
4
18
1
4
16
5
18
18
4
14
6
4
1
4
18
6
6
4
4
16
10
1
1
4
18
8
4
16
18
16
6
11
4
1
1
10
8
8
1
1
6
1
16
4
18
18
6
18
5
1
18
10
4
1
6
8
2
18
5
4
1
6
1
10
1
18
1
1
4
10
18
1
1
4
10
4
18
14
16
4
1
16
18
18
5
18
4
4
8
6
18
1
18
16
18
8
1
1
5
4
13
4
8
18
11
7
4
10
10
13
1
8
1
1
6
7
1
4
7
18
1
16
11
18
18
4
10
1
6
13
18
8
4
18
4
18
16
18
18
4
13
4
6
18
5
1
13
18
16
18
4
1
4
18
4
1
4
4
4
10
11
1
4
8
10
1
5
4
4
2
18
1
4
4
4
4
18
2
10
1
4
13
4
4
4
10
10
10
1
18
10
16
1
1
5
1
1
4
6
4
1
4
5
13
4
5
18
10
13
18
0
4
2
1
16
16
14
18
18
1
1
1
12
1
4
1
4
13
10
5
5
10
18
10
1
4
18
10
5
4
18
4
18
3
1
1
18
10
1
18
8
4
11
2
5
10
18
18
18
1
2
16
1
6
2
18
13
14
7
8
13
4
2
18
8
8
10
2
1
8
1
4
4
1
4
1
2
5
10
18
6
1
16
1
10
6
5
4
18
2
18
1
4
18
18
10
18
8
2
1
5
2
6
10
6
18
4
4
13
18
4
18
4
4
1
4
4
2
4
6
18
10
18
11
8
13
18
1
10
4
4
4
18
1
8
18
1
18
5
1
4
1
4
1
1
18
1
1
18
11
16
10
10
10
4
13
6
1
16
7
4
7
1
16
10
1
14
1
6
16
18
18
4
4
1
10
16
1
4
7
10
4
1
4
18
4
18
18
4
5
18
6
2
4
18
18
18
10
18
10
18
4
4
3
8
18
9
18
18
10
4
10
6
18
1
1
1
4
18
18
1
18
4
1
2
18
1
4
8
14
11
4
1
4
14
8
14
4
18
1
10
18
18
1
16
18
4
4
1
2
18
10
13
7
18
6
6
5
1
6
5
10
1
5
18
5
1
4
10
6
4
4
4
18
11
1
1
1
13
10
4
1
6
11
1
1
18
18
