1
4
10
11
10
3
12
8
1
10
1
18
6
12
1
12
12
1
4
1
2
1
4
4
1
3
7
6
1
8
6
4
11
2
8
11
4
4
3
10
3
2
2
1
3
5
1
10
3
3
2
18
1
2
7
1
18
3
11
4
18
10
3
11
14
8
5
3
8
1
2
1
7
12
11
1
3
8
4
3
11
2
16
3
7
11
4
3
1
1
3
2
1
16
1
2
11
1
5
10
11
11
2
6
6
10
12
4
12
11
3
1
1
5
6
1
5
3
3
4
4
3
2
4
2
1
10
18
1
1
4
4
5
10
3
4
2
10
1
4
1
4
4
3
1
4
11
1
10
10
6
2
3
1
11
3
3
3
4
11
8
6
6
1
8
12
2
11
10
4
3
5
4
11
11
7
4
3
3
3
11
4
1
16
5
5
2
10
5
4
4
12
2
3
1
8
6
16
6
1
2
1
16
10
11
5
11
1
2
11
1
6
8
3
4
8
2
4
10
8
8
3
11
3
10
8
3
11
10
11
4
3
3
11
2
7
2
6
10
8
6
18
2
2
4
1
3
4
1
10
3
11
4
2
2
10
3
1
1
11
1
4
5
12
10
16
10
8
8
8
2
3
1
4
11
6
3
2
4
1
5
8
11
11
2
4
10
3
3
1
6
3
18
10
1
3
11
1
4
5
11
4
2
1
1
16
5
18
11
3
10
10
1
8
10
2
11
2
3
6
11
7
3
1
11
4
11
1
1
5
5
6
2
3
11
8
1
4
11
16
8
1
3
4
8
3
12
4
7
5
11
11
2
8
1
1
4
5
10
4
4
3
2
8
2
10
5
1
5
16
1
4
2
3
1
7
4
3
3
11
10
7
4
5
2
1
3
1
6
10
4
11
3
8
4
12
1
3
8
5
18
10
3
10
6
1
8
11
18
12
4
18
4
11
11
10
5
5
3
4
2
1
3
11
4
3
11
6
6
1
2
2
5
1
2
18
6
4
11
1
1
2
1
2
4
1
3
4
10
3
8
4
8
1
16
1
11
7
3
1
6
3
1
11
3
4
6
3
10
10
10
10
2
8
5
4
4
3
1
7
5
5
3
11
1
1
4
1
1
1
3
1
8
11
2
3
10
11
11
14
3
3
4
10
14
4
1
11
4
1
16
11
2
3
1
11
1
4
3
3
3
3
4
4
2
6
4
6
3
2
4
4
3
18
16
6
11
1
4
1
2
4
12
10
1
11
11
6
3
3
4
11
4
6
3
3
6
3
11
4
4
8
4
18
16
2
6
1
4
4
1
2
3
4
18
2
4
10
10
1
3
8
1
10
5
2
8
4
1
6
7
2
3
11
14
5
2
4
10
4
