1
11
3
6
6
3
6
3
3
10
3
3
2
10
1
1
3
4
1
8
1
4
2
4
4
2
2
4
1
11
3
4
11
10
7
5
2
3
4
12
5
4
4
1
8
3
13
18
1
16
1
5
11
8
3
1
11
11
3
4
1
11
10
5
8
4
11
11
2
3
2
4
10
18
3
10
16
1
3
10
4
3
3
1
3
2
3
10
11
10
10
10
13
1
3
5
3
1
3
2
18
4
1
6
3
10
1
2
2
1
3
11
5
4
1
11
18
3
5
3
5
11
1
4
1
5
18
11
1
4
3
3
1
3
18
1
3
5
3
3
7
3
10
1
12
11
10
1
1
3
1
5
1
4
11
11
3
5
3
18
1
5
1
1
3
10
8
2
11
2
5
1
8
12
2
4
14
11
12
4
4
14
1
6
18
3
11
3
14
6
3
1
3
2
8
3
11
6
3
11
1
3
4
8
1
11
11
4
10
8
2
4
1
12
8
10
11
3
2
3
1
4
10
5
10
4
2
8
3
6
18
11
14
3
10
1
2
6
1
6
3
5
3
2
3
4
11
3
3
4
3
4
10
3
4
5
6
1
3
11
4
4
11
3
10
1
3
2
18
4
3
3
1
14
18
3
7
1
11
2
3
10
1
11
4
4
1
11
4
7
6
2
11
10
3
4
11
3
8
3
13
7
4
1
11
4
4
11
11
12
1
11
16
11
2
18
10
11
3
2
8
4
3
3
4
6
1
6
8
11
4
1
11
4
12
12
4
4
6
8
4
10
10
6
2
5
1
7
10
10
4
10
14
4
1
2
7
5
4
1
10
3
3
3
4
11
8
10
10
11
14
18
4
11
11
1
2
2
5
1
8
3
11
3
1
2
5
1
5
8
11
11
10
4
3
10
16
11
1
1
1
12
1
3
5
4
3
1
11
10
1
1
1
12
1
10
3
5
8
3
3
3
8
3
3
2
4
1
2
3
11
3
4
4
4
8
1
2
1
3
11
5
2
1
4
8
2
5
1
10
11
11
16
3
3
11
2
1
11
8
3
1
8
3
1
2
8
3
1
8
1
3
6
8
6
4
6
11
1
10
3
3
3
1
18
1
4
5
3
3
4
2
3
4
10
3
6
1
3
11
3
18
3
8
16
7
1
3
3
2
6
11
1
11
10
8
5
3
11
12
11
5
3
10
6
6
4
2
1
2
6
10
1
10
6
1
1
8
4
16
3
6
3
5
8
3
1
1
8
1
2
2
11
6
2
11
7
12
11
7
11
11
4
16
11
10
2
11
4
4
10
11
6
11
11
3
3
14
18
4
16
5
1
3
6
1
7
11
3
10
3
18
18
1
3
7
11
1
11
1
