2
1
1
1
3
5
5
10
18
3
16
10
6
1
18
8
4
12
1
3
11
1
7
10
1
3
5
4
4
4
6
2
4
4
3
4
1
10
2
1
4
10
12
5
8
5
4
1
3
4
1
3
18
3
2
4
1
2
1
1
10
3
4
1
6
10
1
10
8
5
16
11
6
4
1
1
1
4
10
4
1
2
10
1
2
11
1
11
11
10
1
11
1
1
18
4
8
1
3
11
8
3
18
4
11
8
7
2
3
7
4
1
4
3
3
11
4
2
4
4
2
7
11
1
16
1
3
1
1
4
3
4
6
11
2
1
1
6
17
3
10
11
5
11
5
4
8
1
8
11
3
11
1
1
11
7
4
4
11
10
10
4
10
10
11
10
8
1
18
4
14
1
4
3
5
3
2
3
1
18
3
4
11
3
10
18
11
8
18
18
3
11
2
18
1
1
10
6
4
16
2
3
10
12
18
10
3
10
2
10
11
10
6
11
1
18
5
18
10
1
3
11
2
1
11
5
6
1
1
1
8
3
8
1
1
10
18
3
12
1
4
1
10
1
11
8
10
18
1
4
11
10
11
3
8
6
12
2
11
3
3
7
12
5
11
11
18
8
7
3
10
10
10
3
10
4
5
2
12
3
6
3
1
1
3
2
3
5
4
8
4
2
8
3
11
2
4
11
11
11
5
4
5
1
5
11
1
4
10
11
1
3
5
11
8
6
11
11
1
1
1
3
3
4
7
4
16
18
1
5
3
1
4
16
10
3
8
3
18
1
11
1
11
11
18
1
4
5
3
1
1
11
8
2
8
6
10
6
10
8
3
7
1
3
8
5
2
12
2
1
3
10
16
6
3
1
1
1
1
16
8
3
18
6
3
11
10
3
4
8
1
4
2
3
1
8
11
7
12
1
4
16
1
10
12
3
1
1
4
4
11
11
4
10
1
10
2
3
11
5
3
2
2
4
11
1
8
10
11
11
1
11
18
4
12
3
3
10
11
1
4
6
11
11
2
18
3
11
18
3
5
11
1
18
11
4
14
1
4
5
4
3
1
16
5
3
3
3
3
1
11
1
3
16
5
4
3
1
8
4
5
8
4
4
12
8
1
18
11
12
18
6
11
10
6
8
1
10
5
6
5
7
3
5
1
5
1
3
5
3
6
4
1
1
1
2
4
4
5
12
4
4
3
10
11
18
1
4
3
11
11
1
3
10
4
2
16
12
11
1
7
8
3
11
1
11
3
8
7
3
6
16
2
3
10
1
11
3
10
3
4
5
4
8
1
2
8
1
3
10
8
1
4
11
5
2
3
11
3
3
4
2
16
10
10
10
10
16
3
6
4
4
5
18
10
3
5
3
3
8
