1
10
4
10
4
4
10
8
18
11
4
5
4
13
4
1
4
1
18
11
18
1
4
6
10
4
4
10
10
10
1
1
2
4
18
5
10
17
7
4
14
4
14
4
6
11
5
16
18
18
4
1
1
18
10
7
1
18
5
2
14
18
18
10
4
10
4
6
10
4
11
1
1
4
4
4
1
4
4
2
18
8
4
1
8
14
4
16
4
4
13
1
4
11
18
2
4
2
16
2
4
18
10
13
1
18
4
18
18
4
16
18
18
4
18
18
4
2
4
1
14
1
2
4
8
18
4
4
2
18
4
6
1
1
16
13
18
10
1
18
1
1
1
4
11
4
4
4
8
4
16
4
16
1
6
1
4
7
16
5
5
1
18
12
1
18
14
1
10
1
1
10
4
1
2
16
6
1
1
6
18
10
1
10
18
16
4
18
5
4
10
18
18
18
10
1
9
4
4
5
7
18
16
10
3
1
4
18
10
4
18
16
9
16
4
18
1
18
1
10
16
4
18
4
6
18
1
8
10
4
4
4
18
1
1
1
1
14
10
10
4
5
1
6
5
4
1
6
18
1
1
1
4
4
8
10
1
10
4
1
5
10
1
0
10
16
18
18
18
10
16
4
4
4
18
4
18
18
4
4
18
18
4
1
4
8
4
14
1
1
5
4
11
18
4
18
4
1
18
6
4
18
7
1
4
1
18
18
10
7
1
4
18
4
4
16
4
4
18
2
18
1
18
8
4
5
16
1
1
4
18
5
1
4
1
10
4
4
2
16
4
4
4
4
18
18
1
11
18
10
10
18
10
8
4
18
4
1
1
1
11
5
10
18
10
1
4
1
4
6
6
1
4
16
11
7
18
18
1
4
4
17
18
4
18
1
4
1
18
13
1
10
10
13
4
1
4
13
1
18
18
11
18
18
1
8
3
2
1
10
18
10
18
4
1
4
18
6
16
4
18
14
1
16
10
10
1
18
8
1
18
2
6
6
4
1
18
16
4
16
1
18
1
1
1
1
4
1
1
4
10
18
10
10
13
16
5
10
5
4
1
3
8
10
1
2
10
5
6
4
18
4
1
18
0
18
1
4
18
1
18
18
18
18
4
18
1
18
18
5
1
1
1
4
1
6
10
10
1
18
5
4
18
10
2
8
6
4
6
1
18
1
4
1
1
8
18
3
4
4
18
7
4
18
4
18
1
10
8
4
4
10
10
2
18
4
8
11
5
18
18
13
4
4
5
1
15
2
18
4
1
1
1
10
1
6
18
13
4
13
4
10
4
4
18
4
13
5
4
18
1
4
1
4
10
10
8
16
18
1
4
4
18
10
14
4
5
4
9
16
18
16
4
10
18
4
18
5
10
1
10
4
14
1
2
1
4
1
18
4
1
18
18
1
6
10
1
4
1
4
18
2
1
8
10
4
8
1
5
10
16
18
4
1
5
18
1
10
4
4
10
1
16
18
18
1
4
1
4
18
2
1
4
1
11
13
18
4
18
7
4
1
13
11
18
2
18
11
10
10
1
18
1
18
0
4
6
8
18
6
18
13
5
4
5
4
1
4
14
4
1
4
1
18
18
4
16
10
1
18
4
18
18
10
9
18
11
18
2
13
10
6
4
4
10
5
5
10
2
10
12
1
18
6
1
18
2
1
5
4
18
18
2
2
6
4
18
18
18
18
8
5
18
5
18
4
1
18
2
16
2
2
18
1
1
1
10
18
1
1
18
18
2
1
1
18
4
1
18
4
2
18
1
18
1
18
5
18
1
4
7
1
8
13
3
16
6
10
7
18
10
11
8
13
6
10
4
18
10
18
1
4
18
1
1
10
4
4
2
16
10
11
18
11
11
18
4
1
18
5
10
4
4
4
1
4
1
1
18
8
10
18
10
2
18
18
18
10
5
4
11
5
13
4
16
4
6
8
7
1
18
10
