2
1
1
1
3
5
5
10
4
3
14
10
6
1
18
8
4
12
1
3
11
1
7
10
1
3
5
4
6
1
6
2
4
4
3
18
1
10
2
1
4
12
12
5
8
4
14
1
3
7
1
3
18
3
2
1
1
2
1
1
10
3
4
1
6
6
1
10
8
4
16
11
6
4
1
1
1
4
10
4
6
2
10
1
2
11
1
11
11
10
1
11
1
1
18
4
8
1
3
11
8
3
4
1
11
8
7
2
3
7
4
1
1
3
3
11
4
2
18
1
2
7
11
1
16
1
3
1
1
18
3
4
6
11
2
1
1
6
14
3
10
11
4
11
5
12
8
1
8
11
3
11
4
1
11
7
18
4
11
10
14
18
10
10
11
10
8
1
4
14
6
1
4
3
5
3
2
3
1
18
3
4
11
3
10
10
11
8
18
6
3
11
7
18
1
1
4
6
4
16
2
3
10
12
18
10
3
10
2
10
11
10
6
11
4
18
5
18
10
18
3
11
2
4
11
10
18
1
1
4
8
3
8
1
1
10
18
3
12
1
1
1
10
1
11
8
10
18
1
4
11
10
11
3
8
6
6
2
11
3
3
4
12
5
11
11
18
8
7
3
10
8
10
3
10
11
5
2
12
3
6
3
1
1
3
2
3
5
1
8
5
2
8
3
11
2
4
11
11
11
4
14
5
4
5
11
1
4
10
11
1
3
5
11
8
6
11
11
1
1
4
3
3
4
2
18
16
18
3
4
3
1
4
1
10
3
8
3
18
4
11
1
11
11
4
4
4
5
3
13
1
11
8
2
8
6
10
6
10
8
3
7
2
3
8
5
2
12
2
1
1
8
1
6
3
1
1
4
18
13
8
3
18
6
3
11
10
3
4
8
1
11
2
3
18
8
7
2
6
1
18
16
4
10
1
3
7
1
4
4
11
11
18
10
4
6
2
3
11
5
3
2
2
4
11
1
8
10
11
11
4
11
1
1
12
3
3
10
11
1
4
14
11
2
3
18
3
11
1
3
5
11
1
18
11
4
4
1
18
5
1
3
1
16
5
3
3
3
3
1
11
1
3
16
5
4
3
1
8
18
5
8
1
4
12
4
10
1
11
12
18
6
11
10
6
8
1
10
4
6
5
7
3
5
1
5
1
3
4
3
6
18
1
1
1
2
1
4
13
12
4
4
3
10
11
1
1
18
3
11
11
1
3
10
7
2
1
12
11
1
7
8
3
11
1
11
3
8
7
3
6
4
2
3
10
18
11
3
10
3
18
5
4
8
1
2
8
4
3
10
8
4
4
11
5
2
3
11
3
3
13
2
16
10
10
10
10
18
3
6
18
4
5
18
10
3
4
3
6
8
