2
3
7
3
2
13
4
16
1
18
2
8
1
1
1
1
8
4
10
12
3
7
11
5
2
16
1
14
3
6
1
3
1
12
1
12
3
18
4
3
2
18
1
10
4
11
18
11
4
3
11
2
7
11
1
5
8
4
5
10
8
3
3
14
1
18
18
11
8
3
3
10
1
1
13
1
2
1
14
3
2
18
3
1
1
10
3
3
3
10
10
3
11
1
3
10
3
12
10
1
10
10
1
3
3
12
1
10
11
3
1
3
1
18
4
8
14
6
3
4
3
8
12
1
11
10
3
4
16
4
3
3
7
6
4
1
2
3
10
3
3
5
10
8
8
6
8
17
5
11
10
18
5
3
12
11
3
4
1
13
3
10
1
10
11
1
16
4
11
10
6
1
4
18
11
3
1
1
11
3
11
3
11
3
13
2
3
6
1
14
6
3
11
8
1
18
3
18
10
6
4
4
7
6
2
3
10
5
3
10
1
6
18
1
11
3
10
2
1
3
1
13
11
8
1
16
2
3
4
10
4
11
1
4
14
12
18
4
3
16
4
18
4
0
11
1
8
1
5
5
18
15
4
17
3
10
1
4
3
8
11
18
2
8
8
1
11
6
18
6
12
2
11
6
5
4
7
6
10
11
17
6
18
4
11
4
11
6
12
5
3
18
3
11
11
4
2
1
2
1
6
18
10
17
4
2
2
11
4
10
18
4
15
3
3
11
1
3
11
3
10
4
8
3
6
4
11
6
6
3
7
18
1
8
2
12
14
11
10
11
11
1
11
13
3
1
4
1
3
1
2
18
10
10
8
1
1
16
3
8
3
2
1
11
1
11
4
5
5
18
1
1
1
17
18
5
18
11
5
1
6
3
12
10
18
8
8
1
2
18
18
3
3
2
2
16
18
18
11
1
4
1
12
1
4
1
10
10
3
4
10
6
1
1
2
6
1
8
4
6
3
2
1
16
1
10
3
5
4
3
10
8
5
11
10
11
1
11
1
3
4
8
11
11
10
2
4
3
5
13
2
3
6
4
8
1
6
11
11
4
18
10
4
8
12
1
18
4
3
8
10
4
10
5
3
6
1
11
11
2
2
11
8
12
18
2
3
11
4
3
1
2
10
4
11
7
10
3
14
11
10
11
18
13
18
3
10
1
1
6
1
13
8
6
11
10
6
4
1
11
3
3
2
1
11
4
2
18
10
2
3
2
4
5
3
3
3
10
1
1
4
6
1
11
18
11
4
8
4
6
2
3
12
2
10
6
8
6
1
3
3
3
11
3
3
11
5
5
8
11
11
3
4
11
10
2
2
1
3
1
4
11
4
11
10
14
5
1
6
10
4
8
1
4
3
3
18
2
11
3
