2
3
7
3
2
18
18
1
1
18
2
8
1
1
1
10
8
1
8
12
3
11
11
5
2
6
1
6
3
7
1
3
1
12
1
12
3
18
1
3
6
14
1
10
14
11
18
11
4
3
11
2
1
11
1
5
8
1
5
10
10
3
3
4
1
18
14
11
8
3
3
10
1
14
18
1
2
1
14
3
2
18
3
1
1
10
3
3
3
10
10
3
11
1
3
4
3
12
8
1
10
10
1
3
3
6
18
10
11
3
1
3
6
18
4
8
6
6
3
1
3
8
12
1
11
10
3
4
16
4
3
3
7
6
1
1
2
11
10
3
3
5
10
8
8
6
8
1
4
11
10
4
5
3
12
11
3
8
1
18
3
10
4
10
11
1
16
4
11
10
6
1
11
4
11
3
11
1
11
3
11
3
11
3
16
2
3
6
1
6
6
3
2
8
7
4
3
1
10
6
1
18
2
6
2
3
10
4
3
10
1
6
4
1
11
3
10
1
1
3
1
13
11
8
1
16
2
3
1
10
18
11
1
4
4
12
18
1
3
16
18
1
1
8
11
1
8
1
5
5
14
4
6
5
3
10
1
1
3
8
11
16
2
8
10
5
11
6
11
6
2
2
8
6
5
10
1
6
4
11
1
6
1
18
11
1
11
1
12
5
3
18
3
11
11
4
2
1
1
2
12
1
10
5
4
2
2
11
4
10
18
1
1
3
3
11
1
3
2
3
10
18
8
3
6
18
11
6
6
3
4
1
1
8
2
12
14
11
10
11
11
1
11
1
3
2
1
1
3
1
2
4
10
10
8
1
4
16
3
8
3
2
6
11
1
11
18
10
5
4
1
1
1
5
1
5
1
11
5
1
6
3
12
10
18
8
10
1
2
18
4
3
3
2
7
16
4
5
11
1
4
1
12
1
6
1
10
10
3
4
10
6
1
1
1
6
16
8
4
1
3
2
1
5
2
10
3
5
4
3
10
8
5
11
4
11
1
11
5
3
4
8
11
1
1
2
18
3
5
1
2
3
6
1
8
18
6
11
11
4
4
10
4
8
3
1
1
4
3
8
10
1
10
10
3
6
1
11
11
2
2
11
8
12
18
2
3
12
4
3
1
2
10
4
11
2
10
3
14
11
10
11
4
1
4
3
10
1
1
6
1
11
8
6
11
10
1
4
3
11
3
3
2
1
11
4
1
18
1
2
3
2
4
5
3
3
3
10
1
1
4
6
1
11
1
11
4
8
18
6
2
3
12
2
10
6
8
6
1
3
3
3
11
3
3
11
5
5
12
11
11
3
4
11
10
2
11
1
3
1
1
11
1
11
10
6
16
1
2
10
5
8
4
18
3
3
1
2
11
3
