13
3
2
13
6
7
4
2
9
4
6
5
7
18
3
3
18
16
4
2
14
16
6
12
4
4
8
2
2
4
14
0
10
4
9
0
12
12
18
15
11
17
17
18
16
14
3
11
10
5
9
13
6
5
5
16
9
7
1
11
16
12
14
10
11
8
4
0
1
5
14
2
18
4
2
1
5
13
3
14
5
7
15
10
15
1
1
3
1
0
7
16
0
0
18
11
2
10
13
2
13
0
14
17
17
8
18
10
3
0
11
0
16
7
2
16
13
13
13
10
1
13
12
1
3
17
6
12
7
17
2
17
3
3
9
18
1
6
0
3
18
1
13
3
9
1
17
8
5
4
18
13
6
2
1
11
9
7
7
15
14
8
9
17
18
4
10
7
3
15
9
0
0
2
8
2
3
11
6
11
11
5
14
8
16
5
12
5
0
3
18
12
15
7
17
12
8
8
13
11
10
1
2
14
17
6
13
8
8
6
5
2
12
8
14
7
8
3
13
16
17
1
12
8
10
8
1
18
17
1
17
6
6
9
11
0
10
9
16
0
15
5
2
11
1
6
0
3
13
18
1
3
12
15
7
15
7
16
4
15
8
17
11
6
14
4
16
6
14
5
1
6
1
15
0
5
15
3
5
1
16
12
6
8
8
6
14
13
14
11
1
3
13
6
9
7
0
18
13
9
17
7
11
13
7
2
12
15
10
4
14
11
7
18
6
14
12
3
6
3
17
5
1
13
17
16
8
7
3
9
2
18
3
0
16
1
9
6
3
5
2
12
15
11
3
9
11
17
6
1
11
11
10
7
3
13
14
14
7
10
8
13
9
11
0
15
1
6
10
4
4
1
10
1
8
9
6
9
0
6
8
12
14
4
0
10
2
18
16
11
13
16
15
11
2
11
10
17
14
5
15
15
7
14
16
1
1
7
4
12
6
4
5
16
13
9
15
17
10
11
5
3
18
2
8
17
0
11
14
18
7
7
3
16
16
12
15
13
13
9
16
9
2
3
0
6
10
9
6
8
3
1
2
4
12
5
5
2
2
8
10
1
1
0
8
8
13
7
10
7
3
10
0
14
10
15
1
2
11
11
18
11
18
7
6
4
10
10
3
14
5
16
2
13
17
5
18
3
13
16
13
10
11
17
16
3
10
6
3
15
14
17
18
13
15
4
7
17
15
10
0
6
5
8
9
1
11
12
4
11
11
11
3
10
10
8
13
11
17
8
10
17
5
9
16
15
5
7
15
7
16
12
7
7
6
8
4
11
8
13
9
1
3
7
13
7
2
13
4
5
5
17
12
8
1
7
10
12
5
7
3
15
3
5
14
10
3
5
3
11
6
0
3
8
14
12
14
7
18
