18
18
18
18
16
18
4
5
1
4
1
4
4
10
10
5
1
18
2
18
4
4
10
10
18
1
11
4
4
4
10
16
18
18
1
6
6
18
1
10
18
4
16
1
1
5
1
1
6
1
4
1
18
1
8
1
4
10
16
4
10
10
1
4
11
8
4
1
18
4
10
10
4
0
6
4
10
1
4
4
7
14
18
7
2
16
1
18
11
4
4
4
4
5
18
4
2
10
4
1
10
4
1
4
18
4
1
2
1
1
10
10
18
16
4
1
18
18
1
6
5
4
10
11
18
2
4
8
18
11
4
18
10
4
1
12
18
1
16
4
4
4
2
2
18
1
1
1
18
18
16
18
4
14
1
4
4
1
10
8
1
1
16
6
4
1
11
10
18
5
4
4
4
6
11
8
18
1
8
1
18
18
1
8
4
10
18
1
1
11
14
16
4
10
18
18
10
4
18
10
1
4
18
18
1
16
9
10
1
1
1
1
1
4
6
18
18
18
1
14
10
18
1
1
1
18
16
13
4
18
0
10
1
5
11
2
1
16
18
11
4
11
5
4
18
1
1
4
1
4
5
11
16
13
18
9
18
6
10
10
4
4
2
12
10
1
1
4
4
13
4
16
6
4
1
14
2
14
4
16
4
8
7
18
18
4
4
10
2
4
1
5
13
10
8
10
18
18
1
4
4
4
16
1
16
2
2
18
18
4
1
18
1
10
5
1
4
18
3
4
4
18
4
1
4
1
4
1
11
18
18
1
4
18
2
4
2
1
4
14
18
18
1
6
1
18
18
4
1
16
18
6
2
10
4
18
13
5
2
5
18
1
6
1
11
4
1
18
18
4
16
6
4
2
6
14
4
4
4
1
4
16
4
5
18
4
10
18
4
11
6
18
6
1
4
11
6
1
8
12
4
4
18
13
18
5
1
4
18
4
4
8
4
8
18
4
18
13
4
4
18
5
18
4
2
1
8
4
11
1
1
10
4
18
1
2
1
1
18
4
6
18
10
18
1
16
4
2
1
4
18
5
18
4
1
4
10
4
1
4
1
11
4
1
18
4
1
10
1
5
6
18
5
18
1
7
18
1
2
16
13
16
1
10
4
4
1
10
13
7
8
18
13
16
4
1
5
4
11
16
18
1
18
1
18
8
1
1
4
10
10
2
6
18
1
4
4
6
18
2
4
4
18
11
14
18
3
1
2
6
18
1
4
10
18
18
2
18
10
14
4
4
18
18
4
1
4
13
10
18
18
18
4
11
16
1
4
4
1
4
10
1
5
10
1
6
4
1
4
18
10
18
18
1
6
10
10
4
18
13
4
2
18
18
13
4
5
4
9
18
2
7
13
18
14
8
18
1
4
18
4
4
10
0
4
18
6
1
4
17
18
1
1
1
1
10
14
11
1
8
5
1
18
4
4
10
18
1
18
4
16
16
18
2
18
8
5
2
4
10
4
4
10
16
5
1
4
1
18
18
4
4
5
5
4
18
1
1
10
2
4
4
18
18
18
4
18
18
4
10
4
18
4
1
18
4
12
1
1
4
5
4
5
4
6
18
10
4
18
18
3
10
4
10
10
16
1
18
16
10
9
10
1
4
8
18
4
1
4
14
1
4
8
16
18
13
18
18
1
10
4
4
4
18
4
1
4
4
1
18
18
6
1
1
18
1
18
5
18
11
4
1
5
5
4
6
4
5
6
18
4
18
5
18
1
4
16
9
5
18
4
18
5
18
1
4
18
1
11
6
18
1
18
18
6
18
5
10
4
18
4
10
5
13
18
8
4
16
18
18
4
2
16
18
5
13
18
1
4
4
7
1
4
4
10
1
18
3
5
10
13
5
4
10
4
4
4
6
0
2
10
16
9
18
10
16
2
10
2
1
10
4
5
18
1
1
10
18
18
16
4
1
18
11
1
1
13
1
4
4
4
4
