3
2
2
1
5
1
2
8
1
1
3
17
2
10
5
8
18
6
11
3
1
3
1
6
4
13
10
18
3
3
6
11
18
18
1
2
14
2
16
10
2
3
11
7
11
5
3
3
4
11
3
8
4
3
1
3
3
3
1
3
11
1
11
11
1
1
10
3
3
11
1
3
10
11
4
10
1
8
2
6
10
18
1
11
1
1
4
10
6
2
12
2
2
1
8
4
3
3
11
3
2
8
8
11
6
3
3
10
1
11
1
1
10
17
1
8
3
6
3
3
3
11
6
10
1
4
3
1
3
1
2
4
8
1
8
1
16
6
18
10
11
1
1
1
3
4
2
4
11
3
10
3
11
1
10
1
8
2
8
4
2
13
4
1
10
18
4
1
1
11
3
1
4
4
11
5
3
4
12
8
2
1
11
10
3
1
4
6
11
3
13
5
4
5
1
4
18
11
8
11
11
18
8
7
8
13
11
11
3
4
3
3
3
17
10
1
4
3
1
2
11
3
3
3
5
3
1
7
15
2
4
14
5
4
12
5
1
3
16
10
3
3
8
6
3
3
10
5
8
10
1
3
6
5
3
16
4
1
4
8
4
7
1
1
3
1
1
1
5
3
3
1
6
3
1
5
1
11
11
8
4
4
16
1
8
18
1
8
2
3
11
1
16
1
10
7
3
13
3
10
1
8
11
3
4
2
2
1
11
8
4
4
11
1
5
5
4
6
3
3
6
18
4
10
3
10
11
6
5
11
3
5
1
1
1
4
1
3
4
4
4
10
11
11
7
12
1
8
1
1
1
2
11
5
1
5
8
18
1
1
8
8
11
3
11
12
3
10
2
8
10
6
13
10
3
11
10
11
2
3
11
3
18
12
18
13
3
3
5
11
11
17
6
11
1
3
8
2
16
4
18
3
1
6
15
6
3
1
3
10
18
3
1
1
1
1
1
2
2
11
8
11
3
1
11
1
3
5
1
4
11
4
3
3
11
1
1
1
1
3
3
1
2
4
4
4
1
11
11
16
18
11
1
8
8
7
2
3
8
11
12
2
6
3
10
11
1
2
1
10
10
3
4
4
1
11
1
2
10
3
2
4
1
10
11
4
18
10
8
6
5
11
11
1
11
11
4
6
3
8
5
4
11
8
6
4
8
3
18
1
11
10
3
13
4
3
10
6
3
11
1
2
18
4
8
14
2
8
5
8
11
5
4
18
1
3
3
2
1
11
18
11
4
2
4
3
1
3
11
3
2
10
4
2
5
1
1
1
8
1
4
10
18
2
18
8
18
10
3
1
10
1
10
1
13
11
11
10
5
4
1
5
1
3
2
1
2
4
1
3
18
18
7
1
4
10
11
7
18
1
