10
2
11
3
3
11
3
3
16
4
18
1
18
4
10
1
3
11
2
3
5
3
3
3
1
10
4
6
3
3
11
3
1
3
11
18
4
1
11
10
4
7
1
11
10
11
3
10
5
1
13
11
3
4
11
4
12
3
3
4
3
2
14
3
11
3
1
11
1
5
3
2
11
2
2
4
8
1
8
11
10
10
8
1
8
1
3
1
1
5
8
3
6
5
17
10
1
2
2
1
12
3
18
10
4
3
11
8
12
1
11
1
4
3
6
3
12
5
11
10
2
3
11
14
4
3
11
18
3
1
5
1
1
18
1
1
1
5
1
8
3
4
3
2
3
8
5
4
2
2
8
5
11
11
8
8
3
4
3
11
1
8
3
18
11
2
3
1
18
10
8
18
10
4
1
6
11
1
1
2
5
11
18
18
13
3
11
5
8
5
1
4
11
3
11
2
4
14
2
2
1
3
11
8
2
1
2
2
3
18
10
3
11
11
4
4
10
3
3
14
3
2
10
12
3
4
2
10
4
8
1
8
8
3
1
3
14
12
8
4
1
1
11
4
1
8
4
5
3
4
10
3
3
10
12
11
11
1
2
1
4
3
8
2
2
8
1
4
2
3
18
4
4
6
10
12
6
18
3
18
10
8
2
2
8
6
10
11
6
1
5
8
7
4
6
10
1
7
10
11
5
1
3
1
11
11
4
8
1
4
14
3
11
1
1
5
11
1
4
1
11
1
7
4
2
4
1
8
4
5
3
2
3
4
3
5
1
8
6
1
1
3
11
3
11
4
1
3
4
4
11
12
3
6
2
3
1
18
10
4
4
11
1
6
4
10
6
18
1
10
11
3
3
2
14
1
2
3
10
4
1
4
5
11
8
12
18
4
4
4
1
6
4
7
5
5
11
6
2
4
11
10
3
4
1
10
3
3
6
6
4
4
2
2
8
1
8
1
4
14
8
3
8
1
6
18
3
11
1
1
6
2
8
11
3
4
1
1
4
4
18
1
3
11
3
11
1
11
1
1
3
3
2
8
7
3
3
5
11
8
18
1
18
1
7
3
3
11
3
3
2
14
5
10
2
7
11
11
2
3
3
4
3
2
5
2
3
18
1
18
6
4
11
8
4
10
8
10
10
8
11
8
2
8
6
8
11
18
4
4
5
4
11
16
1
3
2
6
2
1
3
1
1
6
4
4
3
10
8
11
10
18
8
11
4
18
1
4
1
11
11
1
11
3
1
1
4
11
4
6
3
18
3
4
4
10
3
11
7
14
6
8
11
1
18
2
10
3
11
10
1
10
11
1
3
3
1
6
5
18
4
10
11
11
1
1
4
4
18
2
1
4
11
3
14
10
6
11
5
7
