1
4
4
18
18
4
1
1
1
10
16
4
4
1
18
4
1
7
2
1
18
18
10
10
2
18
3
4
6
1
4
1
1
18
13
2
10
11
8
4
4
8
13
7
18
18
8
10
4
4
11
4
8
1
18
2
8
1
11
10
6
4
3
4
16
1
13
4
4
10
4
12
4
10
4
18
18
18
8
18
10
18
1
10
4
18
18
4
2
4
4
5
18
1
3
1
10
4
1
16
10
1
13
4
18
18
2
1
10
1
18
18
18
18
4
2
4
18
4
10
1
4
5
1
18
3
2
4
18
18
6
4
4
17
7
18
10
18
4
13
18
13
14
18
4
4
1
10
4
4
18
1
16
1
5
2
1
4
5
4
18
4
4
1
6
1
1
18
6
10
0
4
10
10
10
18
18
18
1
4
4
18
8
18
7
18
2
14
10
2
1
18
10
1
4
18
7
18
1
6
1
4
4
1
14
18
4
18
10
16
18
10
1
13
4
16
18
18
4
4
4
1
1
1
1
18
4
8
10
10
2
4
1
1
16
18
1
10
6
4
8
18
16
18
1
13
1
18
4
1
1
5
18
4
13
4
18
4
13
14
18
18
4
4
1
4
4
1
4
6
1
1
18
18
1
18
10
4
10
1
4
2
2
4
1
18
18
6
1
18
10
18
18
18
18
16
10
18
1
18
2
8
18
18
18
11
18
1
1
4
18
18
2
8
5
10
11
5
10
4
2
13
4
1
8
6
11
1
1
4
2
6
4
18
18
16
10
4
5
4
1
1
18
4
2
1
1
18
4
4
18
18
13
1
4
4
1
18
16
4
18
18
4
6
6
4
18
4
18
6
18
18
18
16
10
4
1
1
4
8
18
5
1
16
6
1
18
1
1
10
8
10
18
1
6
1
15
5
4
8
4
1
4
1
4
10
18
1
8
8
2
18
4
18
18
6
1
4
18
13
1
4
1
10
6
1
4
18
10
18
4
14
18
18
18
16
8
1
5
4
1
4
8
14
18
1
4
1
18
8
16
18
5
4
18
1
8
18
11
1
4
10
10
4
1
8
4
1
6
7
4
4
7
4
13
6
11
4
18
18
14
1
1
13
18
8
4
18
1
18
16
4
1
12
13
4
6
4
5
18
4
18
16
4
18
1
1
18
13
1
4
4
18
10
4
18
4
8
10
1
5
4
4
2
4
1
4
18
8
18
1
6
2
4
18
16
4
14
5
10
10
14
4
18
8
16
1
1
5
13
1
18
6
18
1
18
5
13
1
4
4
1
1
18
10
18
2
1
16
18
1
18
18
1
2
1
12
1
4
4
4
18
8
18
5
10
4
10
1
1
18
10
4
4
1
18
18
3
1
1
18
10
1
4
8
4
11
2
4
10
18
18
8
1
2
13
1
18
1
4
4
6
4
8
13
4
2
4
8
8
10
4
1
8
18
18
18
1
1
1
2
7
10
18
6
4
1
1
10
6
5
4
18
2
18
1
18
4
1
6
6
10
2
1
4
2
6
10
6
18
1
13
1
4
18
18
13
1
1
18
18
2
4
1
18
10
4
1
13
1
18
1
10
18
4
18
18
1
8
1
1
4
5
1
18
1
4
1
1
18
1
1
18
7
16
10
18
10
4
18
1
1
4
1
4
18
1
7
10
1
4
1
4
13
18
18
18
4
18
10
16
13
18
1
10
18
18
4
18
4
18
18
18
5
18
6
2
18
18
18
18
10
4
10
4
18
18
1
8
18
18
18
1
10
18
10
6
18
1
1
1
1
18
18
4
18
4
1
2
4
6
7
8
14
11
4
1
14
14
8
6
18
18
1
10
1
4
18
16
18
1
1
1
2
4
10
18
4
18
6
14
5
1
6
4
10
4
4
10
5
18
18
1
4
18
18
18
4
11
4
1
13
15
10
1
1
1
11
1
1
18
18
