6
18
1
11
4
1
6
1
1
8
4
10
4
18
8
4
10
1
4
4
1
4
4
18
18
4
4
1
1
18
10
4
5
6
14
2
1
4
1
4
4
1
2
4
18
4
4
1
16
18
1
18
4
18
10
9
4
9
1
2
1
5
8
2
18
10
8
4
10
18
18
10
10
1
18
18
1
16
4
10
18
2
18
4
14
18
2
4
0
1
6
4
18
4
10
5
2
1
18
1
6
11
4
18
8
1
18
5
18
1
4
1
4
18
16
2
5
10
4
2
18
4
1
1
18
5
16
8
2
4
1
4
10
1
1
18
10
2
14
4
1
11
4
10
4
1
1
1
1
1
4
10
8
4
18
7
10
5
18
4
18
4
18
1
1
10
8
1
1
1
4
4
10
4
1
18
2
18
4
16
1
4
8
13
12
13
10
4
13
16
4
4
8
1
10
10
5
6
10
10
4
4
6
6
4
1
18
10
1
1
10
1
1
18
4
10
5
14
8
4
4
4
4
18
11
11
2
11
1
1
4
1
18
14
10
18
1
4
4
4
1
5
18
4
16
2
18
1
6
18
18
18
18
18
16
8
4
14
18
18
10
4
10
6
6
4
8
6
18
4
2
1
4
4
13
18
11
18
4
4
0
5
4
4
13
7
4
4
6
7
18
1
16
2
13
6
4
18
7
8
4
4
9
18
5
18
4
5
11
1
4
4
1
16
5
1
4
1
1
4
4
10
1
4
4
18
18
4
1
13
2
2
13
16
18
4
13
1
4
5
18
4
4
4
18
1
6
1
4
4
7
8
18
4
1
18
18
1
2
18
13
1
18
1
4
5
1
18
4
10
5
10
10
10
6
4
18
18
10
4
1
5
1
2
4
4
5
4
18
4
10
11
6
18
1
1
14
16
4
4
1
10
2
1
4
10
18
18
4
18
16
4
6
4
8
16
4
18
4
1
18
1
5
18
14
1
18
8
2
10
18
13
5
5
1
0
4
1
4
1
18
4
4
10
10
6
18
1
9
1
5
8
18
1
0
11
4
11
18
4
10
13
2
1
2
4
5
4
4
10
1
4
10
1
18
3
4
1
18
18
18
18
1
1
2
4
1
4
4
3
5
6
11
4
10
1
18
4
18
18
4
1
18
8
10
13
6
1
16
10
5
4
14
10
18
18
1
4
1
18
4
1
4
11
4
10
5
1
10
1
18
4
16
1
1
10
2
13
18
4
1
4
4
4
18
18
2
4
18
4
18
4
7
1
18
6
18
10
4
18
11
18
1
5
8
18
10
4
4
18
4
2
4
4
18
18
18
1
1
18
1
2
10
18
10
4
1
4
1
4
7
18
1
18
1
11
1
8
18
1
16
4
1
4
16
1
16
14
2
10
2
16
11
4
10
18
1
18
16
4
18
18
18
1
10
4
4
4
18
18
6
11
1
18
4
1
18
4
10
1
18
5
4
8
18
18
1
2
10
6
4
4
12
1
1
5
4
18
2
1
1
10
4
4
1
2
10
10
4
4
18
1
4
8
1
3
5
1
2
4
10
5
2
2
13
1
18
1
1
6
16
16
18
10
18
18
18
4
14
10
18
18
17
16
4
5
6
3
7
18
1
4
1
1
10
10
7
6
2
18
18
1
10
15
2
4
4
2
10
7
5
18
4
18
4
1
10
1
18
18
18
1
5
4
4
18
18
18
4
1
16
4
18
10
1
4
18
18
10
18
1
1
18
18
1
14
5
5
18
18
18
6
7
6
1
7
18
1
1
18
6
2
4
4
1
1
4
2
1
16
1
18
8
2
18
18
5
6
1
6
18
8
18
1
1
18
1
18
2
18
8
1
18
4
1
18
4
4
1
1
1
6
1
1
4
5
11
17
4
1
18
6
5
1
10
1
1
18
2
10
13
1
1
4
1
11
6
7
18
18
2
4
