18
18
10
8
16
4
8
18
1
5
1
18
18
1
1
18
4
18
2
10
2
6
1
13
11
1
5
4
18
4
2
1
4
1
1
6
18
4
4
4
18
1
4
7
1
4
6
4
5
10
11
18
1
18
4
4
18
12
18
16
8
7
1
5
10
4
10
4
4
5
1
4
10
4
4
10
10
1
2
1
4
10
8
4
10
18
1
18
13
18
16
6
4
6
18
18
1
18
1
5
1
5
4
7
5
16
10
18
4
10
10
18
1
2
2
10
2
4
4
4
1
14
18
4
4
1
18
4
6
2
10
1
4
13
1
0
8
18
18
10
4
18
16
1
18
1
11
18
6
10
4
18
6
18
1
4
1
18
13
18
18
18
12
4
18
16
18
16
11
14
1
4
4
18
18
4
18
4
2
8
18
4
18
2
18
1
15
1
5
18
1
1
18
5
18
4
6
2
18
18
10
4
10
18
8
10
18
10
10
4
18
4
4
5
4
18
4
11
10
4
18
1
5
18
2
18
18
16
1
4
1
1
2
18
10
18
2
5
4
1
18
1
10
18
4
1
4
4
18
10
16
4
14
1
4
18
5
1
2
0
18
1
10
1
3
10
16
10
10
1
4
6
18
1
9
1
1
4
13
8
1
5
8
7
18
5
1
18
1
18
18
18
4
4
4
10
10
1
1
18
18
10
18
4
1
18
2
1
4
7
6
14
13
1
18
10
4
1
1
1
6
11
1
1
1
18
4
18
1
2
1
1
4
1
18
18
6
18
4
4
18
10
18
18
4
1
18
16
4
18
1
7
4
10
7
18
8
18
1
4
1
1
1
18
16
1
4
2
18
18
16
1
8
10
2
17
18
16
11
8
4
18
2
13
8
10
5
1
4
1
14
8
6
1
18
13
4
11
6
18
13
1
2
17
4
2
6
4
1
4
1
13
18
18
2
18
10
4
4
5
1
4
18
1
5
4
6
4
18
1
2
10
1
18
1
1
10
18
1
18
4
6
18
4
4
10
2
18
8
13
8
18
4
5
10
1
18
16
18
2
4
13
4
18
18
1
4
1
18
6
18
4
4
18
1
18
4
5
4
1
10
18
4
1
14
18
4
4
4
4
10
18
10
1
2
10
1
4
1
18
1
4
5
10
18
7
16
16
1
18
13
6
4
1
18
4
16
13
1
18
4
8
10
18
2
10
7
4
4
1
10
4
18
5
18
8
18
5
1
13
10
4
1
4
8
11
0
4
6
4
1
16
18
10
18
18
2
10
18
1
6
5
10
1
9
4
8
1
1
2
18
1
1
4
6
4
4
4
1
8
1
1
4
5
10
4
6
1
11
1
7
6
2
18
1
10
1
1
4
5
4
4
13
16
10
14
5
18
10
4
4
18
1
13
8
4
18
4
18
5
2
5
4
11
13
18
4
4
4
1
5
18
14
11
4
3
18
13
8
10
6
1
1
18
4
18
18
18
18
8
18
18
2
4
6
2
18
10
18
10
8
4
7
5
16
14
1
1
10
18
1
4
1
4
18
18
1
18
18
2
18
18
11
5
10
1
1
1
18
10
13
4
4
4
18
11
16
18
18
16
1
10
18
2
4
11
1
18
1
18
16
1
1
1
1
10
1
13
1
2
18
2
18
13
4
16
18
5
4
10
1
8
4
10
11
4
4
1
1
2
10
10
5
1
18
1
18
2
10
5
8
2
3
5
16
6
1
10
2
1
2
8
4
1
11
4
7
18
16
14
4
18
5
10
10
4
4
4
11
11
2
4
4
1
8
18
18
18
18
10
4
8
1
18
4
18
1
18
16
1
18
18
18
18
16
10
8
17
4
11
4
9
4
4
6
5
3
1
1
1
6
18
1
5
18
6
1
1
18
4
18
10
13
10
4
4
18
1
18
10
6
4
18
1
18
18
8
6
18
1
5
10
