4
3
1
11
3
11
7
8
3
5
8
11
3
11
1
11
8
3
1
4
5
2
5
1
2
4
2
16
5
1
3
2
1
3
6
5
8
11
6
16
1
3
1
3
1
5
11
10
3
18
10
10
11
3
6
6
4
14
4
4
1
3
1
4
8
10
11
2
8
8
4
3
3
10
4
8
5
3
3
11
5
18
1
1
18
18
10
18
11
11
2
4
3
2
6
1
2
1
2
5
11
12
1
8
3
1
13
3
1
11
8
4
11
4
10
8
2
2
1
3
1
3
1
3
1
4
11
3
10
1
4
3
1
2
3
4
10
2
8
1
2
4
3
11
10
3
11
1
1
3
10
18
10
2
3
2
10
18
11
1
8
10
1
5
11
2
18
10
5
3
1
11
2
11
18
4
3
4
3
3
11
11
4
12
1
2
1
8
3
2
11
3
14
1
8
3
8
11
12
5
8
18
11
1
7
3
1
14
18
17
11
2
6
1
1
2
1
3
18
1
4
8
1
3
4
11
11
11
2
10
12
11
18
6
16
3
1
3
18
1
2
11
3
1
11
1
5
4
1
1
18
18
6
18
1
1
12
6
4
2
4
7
2
18
4
11
4
11
1
1
18
4
8
2
2
18
3
2
13
5
8
7
6
4
14
3
1
3
5
5
3
16
3
8
11
3
3
2
3
1
3
4
11
14
2
1
6
2
8
4
11
5
1
13
5
1
6
3
3
11
10
18
2
10
11
1
3
1
6
7
11
11
6
11
1
8
3
18
3
1
4
3
3
2
3
4
6
3
3
10
4
2
14
8
13
4
1
1
10
4
8
3
12
8
8
12
1
5
2
4
6
3
3
2
3
1
1
4
4
11
1
8
3
10
8
3
1
3
18
1
6
10
1
7
10
4
4
1
10
2
5
1
6
10
11
1
10
1
11
11
4
1
11
2
3
1
3
1
3
4
3
3
10
5
7
1
11
1
6
5
1
2
4
3
3
1
2
11
3
13
12
2
3
1
8
12
18
3
14
3
1
2
8
16
5
16
3
1
2
14
6
1
1
3
11
1
8
1
1
1
11
10
3
10
3
1
4
6
3
14
1
1
5
18
3
1
18
3
1
3
10
3
11
1
16
1
7
3
6
8
16
11
18
1
2
10
2
5
11
1
4
10
3
5
4
18
1
10
18
10
11
18
8
10
3
10
4
11
2
8
3
6
1
13
10
8
16
6
12
5
4
11
11
6
3
6
3
8
1
6
6
3
2
1
12
2
2
1
3
7
11
1
4
6
13
11
11
18
3
11
11
6
3
4
5
11
2
5
2
4
1
4
11
1
2
18
11
4
4
10
1
3
10
3
3
1
1
8
10
3
