1
8
10
18
10
10
1
5
2
18
18
1
18
10
1
18
18
10
4
9
1
18
6
1
18
4
3
4
10
14
4
10
4
1
1
1
4
1
4
5
8
16
4
8
11
2
10
10
1
6
1
1
4
1
1
4
16
10
1
4
10
4
4
4
5
18
4
10
4
1
6
1
4
18
11
10
14
10
1
2
1
5
1
6
16
7
4
4
2
10
4
13
1
18
10
10
4
1
5
8
4
13
10
16
2
4
1
12
1
11
1
4
18
8
11
18
18
3
1
1
1
18
18
7
1
10
14
16
1
16
4
1
4
4
1
4
1
1
18
1
6
18
4
18
8
10
18
1
18
18
4
16
4
10
18
11
6
18
18
18
4
6
18
5
1
10
4
1
13
16
13
1
4
6
4
6
1
10
8
13
1
9
18
18
18
6
2
1
11
13
10
2
1
4
1
10
18
4
16
6
4
1
10
13
1
18
18
18
5
18
1
1
1
2
1
18
14
2
1
1
16
14
1
4
18
10
4
18
5
18
4
18
4
4
1
4
4
4
1
12
10
10
4
16
16
18
18
18
1
6
16
4
4
1
1
5
4
1
10
8
6
8
2
11
4
18
10
11
18
18
6
10
10
18
4
18
8
4
1
4
10
1
5
4
1
5
4
4
4
5
4
1
5
13
1
0
1
10
4
1
1
4
18
6
18
1
6
18
18
18
10
4
1
4
1
4
1
10
2
4
4
4
18
6
14
4
4
1
1
18
18
11
18
2
1
4
1
10
2
4
7
13
11
18
10
18
11
1
1
2
18
5
1
6
4
5
10
4
4
5
2
1
1
16
18
18
16
1
1
9
4
18
4
18
5
2
18
10
18
2
18
4
14
5
13
4
16
4
6
14
18
1
4
10
4
5
8
6
1
8
18
18
1
18
3
8
1
18
16
10
1
18
10
18
4
1
4
1
18
4
6
4
1
1
1
16
14
11
10
18
1
18
4
8
4
18
4
18
16
4
8
18
10
10
10
1
8
1
10
10
4
16
10
10
4
14
1
18
4
4
4
18
16
2
3
8
1
1
6
13
6
10
4
4
16
1
6
4
10
1
18
18
10
4
9
1
1
18
10
18
4
1
2
5
10
5
4
1
5
1
4
4
1
1
6
1
1
18
16
1
4
11
4
18
14
2
1
18
10
4
11
4
1
18
13
11
5
1
1
2
5
4
1
1
6
18
5
18
5
4
1
0
11
11
4
1
18
2
18
1
1
10
4
2
18
4
18
16
18
18
1
1
7
18
6
10
8
4
4
4
10
1
2
11
2
5
6
18
4
18
10
11
4
4
18
1
4
8
18
18
4
1
10
6
17
10
1
10
4
5
1
1
4
12
4
0
18
18
13
18
4
18
18
18
4
8
9
4
18
4
6
18
10
6
18
8
1
4
1
1
18
1
4
18
1
4
10
18
11
8
1
1
13
18
18
10
1
18
4
7
4
1
4
11
4
4
1
18
14
4
11
5
2
16
16
17
4
15
4
10
5
5
4
1
2
4
4
4
18
1
1
18
5
5
4
4
18
18
10
4
4
1
2
18
10
4
10
5
6
5
16
4
1
18
18
4
5
2
1
5
1
16
16
4
14
13
4
1
13
16
18
1
18
5
6
4
18
18
1
4
5
4
4
10
18
2
4
18
4
18
1
4
18
18
1
4
5
13
10
10
18
3
2
4
1
1
16
4
7
10
11
5
18
5
5
9
4
18
1
4
18
4
18
4
8
1
8
18
18
4
18
2
4
17
4
4
18
1
18
1
4
8
18
6
10
13
16
8
1
1
4
16
6
18
1
4
18
4
7
18
7
4
1
1
18
4
4
4
5
11
18
8
11
18
4
14
18
10
10
1
5
10
1
18
5
1
4
2
11
1
1
4
13
1
18
6
1
4
1
1
8
10
