17
18
8
1
4
10
10
10
8
5
12
0
18
13
9
16
13
12
11
9
16
4
17
5
5
14
15
2
16
5
9
7
14
4
8
7
11
8
12
4
8
17
0
13
10
6
17
0
13
5
6
17
5
14
3
4
0
16
16
18
11
8
8
4
13
8
18
4
18
5
17
2
3
4
2
3
2
0
3
2
8
17
5
16
6
3
15
3
5
3
18
14
12
10
8
17
3
8
1
9
1
5
17
7
1
1
18
5
8
18
17
1
11
18
18
7
14
8
5
12
8
2
3
17
12
18
8
10
6
18
16
8
17
17
10
13
0
18
1
11
4
11
2
8
5
4
4
2
13
3
0
1
3
11
0
1
8
2
2
1
3
10
9
4
16
13
10
7
0
8
5
1
18
18
2
11
16
17
15
7
13
3
12
14
17
5
7
5
15
18
16
18
8
6
15
13
17
12
12
16
4
8
2
7
16
4
18
1
3
8
8
4
1
13
4
15
17
3
7
4
3
14
2
17
15
9
1
18
9
3
15
3
6
13
3
10
0
7
6
13
10
0
18
10
18
3
4
10
17
12
11
2
4
1
6
8
17
11
6
10
14
15
7
4
2
13
8
10
18
2
15
18
10
14
3
10
7
6
18
13
12
12
1
13
12
13
1
13
12
3
8
13
18
12
18
5
1
5
2
13
11
7
1
6
3
15
8
14
15
12
8
2
11
7
9
11
8
15
3
9
8
3
18
0
5
0
5
1
3
16
17
3
11
8
18
18
12
3
8
17
9
1
9
17
0
10
9
17
3
6
16
8
9
10
12
6
11
6
10
1
2
4
7
6
4
17
3
3
14
18
6
11
10
0
10
16
6
6
12
15
3
15
10
11
16
7
11
5
9
17
15
10
15
11
3
18
1
6
16
2
18
8
13
12
5
1
10
15
0
8
4
18
3
16
9
2
10
2
13
13
18
7
10
13
8
16
6
2
15
2
18
4
4
3
6
18
13
5
17
8
16
2
13
15
14
10
18
2
14
1
5
11
15
11
16
18
2
1
10
3
3
9
15
1
10
1
4
16
15
18
15
12
10
7
4
2
6
8
10
14
18
4
18
14
2
5
1
5
5
5
10
0
1
2
10
18
2
18
17
1
3
14
10
14
1
18
17
12
14
10
18
1
2
5
0
16
11
7
13
18
5
14
16
0
10
11
1
8
11
2
5
6
13
9
9
8
14
18
6
14
3
15
1
13
2
18
1
13
6
10
14
14
8
16
5
18
18
13
2
5
12
15
0
11
3
4
15
6
2
17
8
3
15
4
12
8
14
5
14
5
8
1
10
10
7
9
17
16
11
4
14
4
18
4
10
5
8
16
18
