17
16
8
4
17
8
8
10
8
5
12
0
18
13
9
4
13
12
11
9
16
11
17
5
4
14
15
2
16
5
9
7
14
1
8
7
11
8
12
7
8
17
0
13
10
1
5
0
5
5
6
17
5
14
3
4
0
16
16
18
11
8
8
4
13
8
18
1
4
5
17
2
3
1
2
3
2
0
3
2
8
5
5
16
18
3
15
3
18
3
18
14
12
10
8
17
3
8
4
9
1
5
17
7
1
1
18
17
8
18
17
1
11
4
1
7
14
8
5
12
8
2
3
17
2
18
8
10
6
13
16
8
17
17
4
13
0
18
1
11
5
11
2
8
5
5
4
6
13
3
0
1
3
2
0
4
8
7
2
1
3
10
9
4
16
13
10
7
0
8
5
4
18
1
2
11
16
17
15
7
13
3
12
14
17
5
7
5
15
18
16
4
8
6
15
13
17
12
12
16
18
8
2
7
5
4
18
1
3
8
8
17
1
13
1
15
17
2
7
1
11
14
2
17
15
9
1
6
9
3
15
3
6
13
3
6
0
7
6
13
10
0
4
10
18
3
18
10
17
12
7
2
4
1
18
8
5
11
6
10
14
15
7
4
2
13
8
1
1
2
15
4
10
14
3
10
7
6
1
13
12
12
1
13
12
13
1
13
2
3
8
13
1
12
4
5
18
5
2
13
11
7
1
6
3
15
8
14
15
12
2
2
11
7
9
11
8
15
3
9
8
3
4
0
5
0
5
1
3
18
17
3
11
8
4
2
12
3
8
17
9
1
9
17
0
10
9
17
3
6
16
8
9
10
12
6
11
6
10
11
2
4
7
12
18
5
3
3
14
18
18
11
10
0
10
16
6
14
12
15
3
15
10
11
16
7
11
5
9
17
15
10
15
10
3
1
1
6
16
2
1
8
13
12
5
1
10
15
0
8
5
18
3
16
9
2
10
2
13
13
18
7
10
13
18
16
6
2
15
2
4
1
18
3
4
18
13
5
17
8
16
2
13
15
14
10
1
2
14
1
4
11
15
2
16
1
2
1
10
3
3
9
15
1
8
1
1
16
15
18
15
12
18
7
18
2
18
8
10
14
18
4
1
14
7
5
1
5
5
4
10
0
1
2
10
4
18
10
17
1
3
14
10
14
1
18
17
12
14
10
4
1
2
5
0
16
11
7
13
18
4
14
16
0
10
11
1
8
11
2
5
6
13
9
9
8
14
1
6
14
3
15
1
13
2
18
1
13
6
10
14
14
8
16
8
1
18
13
2
17
12
15
0
11
3
1
15
6
2
17
8
3
15
13
12
8
14
5
14
5
8
4
10
10
7
9
17
16
11
1
14
4
1
18
10
5
8
16
6
