4
4
18
1
16
4
17
18
13
18
1
4
18
10
18
5
1
4
2
1
18
1
10
10
1
12
1
4
4
13
10
16
4
1
1
6
6
4
1
1
4
4
5
1
1
5
18
1
6
1
4
1
18
1
8
4
4
4
16
17
11
10
1
4
4
8
1
1
4
4
10
10
18
0
6
4
10
1
4
1
2
4
18
1
2
16
1
1
4
18
18
1
18
5
4
18
2
10
18
1
10
1
1
4
18
1
1
2
1
1
10
10
4
16
4
1
18
4
1
4
5
1
10
2
18
2
4
8
18
1
18
4
4
1
18
12
4
1
16
1
1
5
2
6
1
6
1
1
4
18
13
4
4
14
6
6
4
1
10
8
1
1
1
6
1
1
11
10
4
1
4
14
4
6
11
10
4
1
8
4
18
18
1
8
1
10
1
1
13
1
14
16
1
10
2
4
10
1
18
10
1
4
18
4
1
16
1
10
1
1
1
4
1
13
6
1
4
4
1
1
8
13
1
1
8
4
1
4
4
4
10
10
1
5
4
6
1
5
4
11
4
11
4
5
1
1
2
4
1
4
4
1
16
13
4
4
18
6
10
10
4
4
2
12
14
1
13
18
1
13
4
1
6
18
1
1
2
14
18
16
18
8
1
18
1
4
15
10
1
13
1
1
1
16
8
10
18
4
18
1
5
6
16
1
16
2
6
17
1
1
1
4
1
10
5
13
18
4
1
1
13
18
1
1
1
1
18
1
1
4
18
1
4
1
2
18
2
4
5
14
14
4
4
6
1
1
1
1
1
16
18
1
1
10
1
18
13
4
11
16
4
1
4
4
11
5
1
4
4
4
16
1
4
2
6
17
4
18
18
1
5
13
4
5
8
1
10
14
4
7
4
1
6
1
4
7
6
1
8
3
5
4
4
13
4
5
1
4
1
4
18
8
4
8
4
18
1
13
4
4
8
5
1
1
2
1
8
18
7
1
1
10
18
4
1
4
1
1
8
1
6
1
10
1
1
15
1
2
1
5
4
4
1
4
1
18
10
4
4
1
1
11
1
1
4
13
1
10
1
4
6
10
5
6
1
1
1
1
2
13
1
1
1
10
1
1
1
10
1
6
8
4
18
16
13
1
1
1
11
4
8
1
1
1
18
8
1
1
17
10
4
2
6
18
1
4
4
6
18
2
18
1
13
4
1
4
3
1
2
1
1
1
6
4
4
4
2
6
10
14
1
18
18
4
18
1
4
1
10
16
18
4
4
11
4
1
5
1
1
18
10
1
17
10
1
4
4
9
4
2
10
4
4
1
6
10
10
12
4
1
4
2
1
4
1
18
5
1
4
4
6
2
13
1
1
8
14
1
4
18
4
1
1
10
1
1
6
1
16
5
4
1
1
1
5
8
14
11
1
8
4
1
18
4
1
10
1
1
1
5
16
1
1
1
4
14
5
1
1
10
18
1
10
16
5
4
4
1
4
13
4
4
5
4
4
6
1
1
10
2
18
4
1
4
1
4
1
18
1
10
18
4
4
1
18
4
12
1
1
4
18
1
5
4
14
18
10
4
18
4
3
10
4
1
10
16
1
4
1
10
14
14
1
1
8
18
18
1
18
6
1
4
8
13
4
16
1
4
1
10
4
4
4
1
4
11
4
4
1
4
18
6
1
4
1
1
18
5
18
11
5
4
5
4
1
4
17
5
6
4
4
4
4
4
1
18
16
18
5
4
18
18
4
4
1
1
4
1
1
6
4
7
18
1
14
18
5
10
13
18
4
10
5
16
4
8
4
16
16
5
18
5
13
2
5
13
18
1
4
18
18
1
14
14
1
1
1
1
5
10
18
5
1
10
4
1
18
6
1
2
10
1
1
18
8
18
2
10
1
1
10
4
5
18
1
1
10
4
1
13
4
1
4
11
1
1
13
1
18
1
4
4
