1
11
3
5
3
10
1
3
6
8
2
11
3
6
18
16
6
5
10
4
10
1
3
16
2
10
11
11
2
4
10
7
3
11
1
3
5
4
3
3
1
1
1
1
3
2
8
11
12
3
11
6
1
1
2
3
7
2
6
2
3
10
6
11
1
11
18
11
4
2
1
10
3
8
8
1
10
3
2
3
2
18
11
2
3
10
4
11
1
11
4
5
4
2
1
8
3
1
3
18
11
1
1
12
11
3
3
2
12
3
11
1
6
12
6
8
11
1
11
4
1
3
3
3
11
5
17
11
4
3
5
2
2
5
5
4
3
4
6
11
11
5
2
4
11
1
4
11
3
7
1
16
1
4
10
1
3
6
3
1
8
18
11
13
1
4
18
10
4
3
1
16
3
6
2
11
6
1
3
1
1
3
3
18
1
13
18
1
4
4
16
1
2
3
11
3
1
11
4
12
3
1
2
6
16
3
6
2
13
7
10
7
2
11
5
7
2
2
11
4
4
1
3
18
1
10
3
4
2
1
16
18
11
12
10
2
11
11
3
3
4
3
11
1
5
1
3
1
11
18
7
2
4
3
10
1
10
4
11
10
11
18
10
2
18
3
2
11
8
2
3
6
1
1
2
1
11
11
2
3
10
10
12
6
2
5
3
3
2
11
4
8
5
10
10
18
14
1
3
8
3
4
6
3
1
6
18
10
11
2
1
11
2
10
4
1
8
6
3
10
4
6
8
1
4
8
1
3
1
3
6
3
11
18
3
3
3
18
11
3
10
14
10
16
18
3
11
11
5
2
1
1
11
11
16
11
8
12
11
1
1
1
2
11
1
11
11
11
18
2
11
2
1
2
1
6
10
16
10
10
8
5
18
5
8
8
2
1
2
2
18
11
14
4
4
8
18
12
3
3
1
1
5
8
11
8
6
3
2
8
5
10
8
1
16
11
14
11
4
11
18
11
5
1
3
18
11
1
1
11
4
1
3
4
10
1
2
1
10
18
1
7
4
1
8
4
3
18
12
10
1
3
5
10
2
4
11
1
4
6
18
12
16
11
10
1
8
4
2
18
11
10
1
11
6
3
4
12
11
18
12
12
11
7
11
16
16
3
3
3
3
11
11
3
18
1
2
18
1
3
1
3
3
3
5
11
12
1
18
10
8
4
18
1
10
11
1
3
1
10
16
5
1
10
1
2
4
3
1
17
4
3
17
3
10
11
6
18
3
2
2
2
1
10
1
10
10
10
11
4
3
4
1
3
18
12
18
11
7
11
10
2
5
1
11
8
2
2
7
1
11
4
3
11
4
3
1
6
18
10
3
2
18
16
11
13
6
11
4
5
4
14
3
1
18
3
1
8
1
6
