18
18
1
1
3
11
10
11
1
8
5
2
2
1
18
4
5
3
12
14
4
8
5
10
1
1
1
1
11
18
10
5
11
1
4
5
11
3
3
3
10
8
11
3
13
11
5
1
11
3
4
3
8
3
1
1
8
1
7
4
12
4
8
4
4
10
8
12
11
11
1
4
8
1
3
5
2
3
2
3
10
4
18
2
3
11
3
4
11
4
3
10
8
3
3
11
6
10
3
1
4
10
18
4
11
10
3
10
13
3
1
11
8
3
2
1
4
8
10
3
1
11
3
10
3
11
2
5
1
4
5
11
1
4
1
11
13
8
1
5
3
1
4
1
2
5
5
16
5
3
5
11
1
10
2
11
4
1
11
2
8
1
3
2
10
1
11
1
3
16
1
3
3
2
18
11
10
6
10
16
1
11
6
11
4
11
11
5
2
3
8
6
8
10
10
6
16
11
11
1
3
1
10
3
5
11
3
6
6
10
18
8
11
18
11
10
4
11
4
7
11
2
3
1
5
13
5
4
3
1
4
10
6
3
3
11
1
11
4
1
18
8
3
1
1
1
3
1
2
3
5
11
16
1
10
3
4
1
5
5
8
1
2
5
8
1
11
6
10
11
1
18
16
11
4
4
4
11
18
5
14
1
3
4
3
4
10
6
6
5
11
1
1
11
8
12
5
3
1
16
1
10
3
4
5
1
6
4
8
18
11
11
2
3
10
8
10
10
3
1
1
2
2
10
5
2
6
18
10
11
4
3
12
3
11
4
2
8
4
3
18
1
14
1
1
1
8
3
1
4
3
2
11
4
6
3
11
3
5
2
3
3
1
5
3
11
1
3
3
1
3
8
11
3
11
18
1
2
1
1
5
4
5
13
7
18
4
11
2
4
11
10
8
11
2
10
5
3
8
4
1
13
3
6
11
3
11
8
1
3
10
18
8
4
6
3
18
1
8
2
5
3
11
11
11
4
1
10
11
1
3
1
5
16
11
1
18
5
1
10
1
11
1
3
18
1
3
3
11
6
11
7
5
5
5
3
11
1
11
5
3
11
1
1
1
3
1
2
3
4
2
1
3
11
1
1
3
2
1
12
4
3
1
3
5
4
5
1
3
11
5
8
2
3
3
1
8
16
1
14
11
4
8
5
8
11
10
3
4
6
8
18
3
11
10
6
5
11
11
2
3
10
1
6
3
11
11
4
3
8
10
3
4
1
4
7
8
1
10
1
1
12
18
4
1
1
18
12
3
3
3
1
1
1
8
1
12
11
5
11
10
11
11
3
11
8
18
4
4
11
10
7
11
2
4
8
10
1
11
10
8
10
2
4
1
3
3
1
1
3
18
2
2
10
6
1
11
4
2
6
