10
2
11
13
10
2
0
15
10
13
5
18
7
7
12
3
0
5
3
4
18
2
13
7
6
10
3
18
14
17
7
13
18
5
3
1
15
11
7
17
12
7
1
12
7
2
15
8
18
12
17
5
8
10
8
18
10
3
7
6
18
10
8
0
12
15
6
12
5
2
0
12
17
6
5
8
8
11
2
10
18
7
15
10
12
9
10
8
1
9
16
7
5
16
8
5
18
8
6
5
11
5
13
2
13
0
13
17
5
3
2
17
6
3
12
6
8
10
14
9
1
17
18
5
5
0
11
12
8
14
7
18
13
8
15
0
9
5
16
10
4
18
0
3
14
1
18
8
7
13
13
13
15
12
6
1
0
0
7
9
16
7
7
7
12
13
6
17
7
14
7
8
16
16
11
13
4
3
2
15
4
9
18
4
16
1
12
2
9
6
16
4
18
16
10
8
8
13
17
14
1
3
17
2
3
16
16
5
18
0
1
12
8
1
4
18
15
4
0
1
13
8
8
4
15
4
16
7
7
9
17
6
8
17
12
12
11
14
3
1
13
8
10
6
2
16
2
17
2
5
15
0
18
9
14
2
9
6
2
1
10
8
10
14
3
5
9
15
11
13
3
17
12
11
12
0
7
8
2
14
1
3
9
10
5
9
6
7
6
11
17
4
17
10
17
7
18
14
4
4
0
18
12
3
15
1
18
3
16
4
8
17
9
1
4
4
9
18
0
11
15
14
17
1
13
13
2
1
4
8
17
18
18
13
9
8
6
18
4
4
16
16
3
3
16
16
18
11
11
7
12
0
15
10
2
2
10
18
17
0
13
1
4
2
14
10
13
8
15
8
17
0
13
6
1
18
6
11
13
3
15
8
14
0
13
0
11
11
14
7
15
1
2
17
0
7
14
11
3
8
1
3
17
14
1
18
0
1
17
14
14
9
13
3
9
9
0
0
3
3
11
2
8
7
7
2
4
1
1
13
16
1
6
7
16
18
15
0
1
10
0
10
4
3
7
7
13
1
12
11
9
8
7
10
7
18
16
3
10
13
8
0
16
7
13
9
7
0
5
12
6
16
11
0
1
17
18
6
17
12
17
15
3
14
9
12
0
14
18
1
16
0
10
8
1
6
6
0
7
16
4
18
14
2
18
17
18
13
9
16
17
18
18
14
1
0
0
15
7
10
9
1
8
14
8
15
16
7
5
5
14
2
3
5
11
7
2
11
7
12
1
3
5
7
5
15
14
12
18
1
16
4
14
4
2
13
14
0
14
4
8
0
12
17
14
6
5
1
8
0
9
5
2
3
11
4
16
3
17
3
2
14
7
13
12
15
1
4
8
2
9
12
16
7
18
16
18
4
10
