18
1
1
1
1
18
4
10
1
2
6
4
11
1
18
1
1
4
14
11
8
4
18
1
4
0
11
1
10
16
1
4
6
18
1
6
1
10
1
1
1
4
16
3
2
11
4
4
2
1
18
10
10
10
4
16
2
13
4
10
18
18
13
5
10
10
1
18
18
18
18
2
18
4
18
16
5
4
1
1
1
18
10
6
9
18
18
4
4
10
2
6
18
18
1
5
18
18
8
2
5
4
4
18
1
10
2
4
1
4
4
18
5
18
6
4
18
10
4
4
18
2
4
4
2
5
18
1
4
9
1
5
1
10
5
6
11
1
1
2
5
0
10
18
4
13
7
1
5
4
6
8
18
4
1
18
10
17
4
16
17
12
4
1
18
3
1
4
4
10
1
10
10
7
18
1
5
1
18
10
6
1
17
8
18
2
5
18
1
4
4
18
1
4
18
18
6
2
5
18
1
18
1
1
18
4
4
18
10
18
4
1
18
18
4
16
5
8
18
4
2
18
8
4
10
1
6
1
1
4
4
12
2
1
4
14
6
18
4
10
1
4
18
16
10
4
4
4
18
18
2
10
18
4
1
11
4
18
4
16
16
8
18
1
18
18
18
5
4
10
10
10
16
3
18
1
1
1
4
1
1
1
1
1
4
4
4
10
10
13
18
4
6
1
10
1
4
1
4
16
1
14
4
4
1
18
4
2
4
6
6
4
1
5
1
16
1
18
4
5
1
1
8
1
6
1
4
5
4
18
18
10
18
1
18
4
10
6
1
4
18
10
1
18
18
2
18
13
1
1
18
4
10
6
8
6
4
4
18
18
4
16
11
18
2
1
4
4
4
10
4
4
2
1
18
18
13
10
1
7
18
2
4
4
18
11
1
1
5
18
10
2
4
18
4
1
4
18
18
11
18
5
4
6
18
5
4
8
5
18
16
18
10
8
11
10
1
18
1
4
13
10
2
1
13
4
4
10
18
9
4
4
1
14
18
13
16
8
4
4
10
10
16
10
1
8
4
17
1
1
1
4
1
7
4
18
11
16
16
18
18
4
4
4
18
5
16
14
8
10
1
8
1
1
4
10
4
1
2
13
18
18
2
8
1
1
18
1
1
4
14
11
4
7
4
4
4
16
8
1
10
1
1
11
4
18
18
18
18
5
2
4
5
1
18
1
15
10
8
18
1
2
11
4
16
1
12
4
8
4
1
1
14
18
4
18
18
2
1
18
18
5
1
13
4
4
6
14
1
5
18
4
4
10
4
4
8
16
16
13
18
5
8
1
4
16
10
4
18
1
1
18
11
8
18
5
4
1
4
16
1
11
1
18
13
10
18
16
10
18
18
3
18
4
18
18
18
11
1
10
18
1
18
11
6
5
4
18
18
16
1
2
4
18
4
1
10
1
8
1
11
1
10
10
6
10
1
14
18
4
4
18
5
1
10
1
10
11
1
4
4
1
5
10
1
4
18
18
3
18
4
2
18
5
10
1
4
4
1
1
2
18
8
18
14
13
2
18
1
4
7
18
18
6
10
6
18
4
18
18
18
4
18
4
4
18
11
18
6
1
4
4
1
4
1
4
4
18
10
10
4
4
5
18
18
4
4
18
18
18
8
1
10
13
4
1
6
2
1
1
18
10
8
18
4
16
4
18
1
13
11
18
6
16
5
4
1
18
18
4
18
2
18
4
0
18
18
1
14
10
4
4
4
4
4
5
3
4
18
7
18
11
2
4
10
2
5
2
0
5
4
7
8
10
4
1
1
10
1
18
13
18
5
10
4
18
18
5
18
2
6
2
4
1
4
10
1
4
18
14
1
6
11
4
18
18
16
4
1
18
8
16
1
18
1
2
1
8
18
5
1
16
18
1
1
1
8
1
2
4
1
6
4
18
16
16
18
4
6
4
2
11
4
4
10
1
4
4
1
8
16
6
