1
2
6
6
5
4
3
1
2
11
17
7
6
9
13
5
2
4
8
1
10
18
0
14
17
8
3
5
18
11
18
18
11
5
18
3
10
18
13
8
14
7
10
4
18
7
16
11
6
17
2
11
5
11
10
13
10
11
4
17
18
4
10
13
6
11
6
18
4
12
1
1
2
3
1
9
5
2
11
6
7
7
8
9
15
2
14
1
18
0
3
1
8
6
5
8
10
4
16
11
11
2
2
18
14
17
1
13
15
4
3
14
3
15
5
16
2
11
6
11
6
3
12
8
5
18
18
10
3
3
3
2
9
11
2
0
10
7
12
1
13
7
8
3
15
6
3
16
12
4
11
2
3
11
16
12
6
4
1
4
3
11
10
3
2
18
13
4
12
4
16
3
13
4
12
14
8
12
17
10
18
17
3
3
15
16
6
6
12
2
2
0
0
8
18
5
10
13
12
15
8
16
10
18
4
5
15
6
1
18
14
5
9
18
5
11
8
11
18
1
16
16
4
4
10
5
12
9
3
3
7
13
15
1
1
17
3
11
12
4
3
1
16
0
7
2
3
10
8
6
8
2
3
16
11
13
12
11
1
14
6
3
11
12
4
8
3
10
11
5
2
7
10
2
17
4
3
6
11
10
1
10
3
8
10
6
3
4
4
13
10
6
7
7
8
14
3
8
5
8
7
1
2
17
6
2
12
8
12
1
17
4
6
13
4
3
11
2
11
2
2
6
11
4
5
9
0
2
4
3
6
5
11
10
3
18
12
1
6
1
5
1
10
2
7
12
17
11
1
1
14
3
3
14
3
9
6
10
18
4
5
16
18
12
11
4
1
4
17
14
7
1
7
11
16
2
16
10
12
2
10
0
7
6
5
11
14
11
1
5
5
1
6
8
2
3
9
13
1
5
8
18
17
4
8
7
1
5
1
2
3
11
6
3
16
12
3
5
16
18
11
14
1
3
11
18
2
3
5
14
8
15
12
3
4
4
16
10
4
8
2
3
16
6
6
8
18
6
13
6
6
18
14
2
2
11
6
15
6
6
15
4
5
0
14
2
17
0
3
8
11
4
10
11
5
7
12
2
18
6
1
7
4
11
2
14
8
5
3
15
3
3
7
1
5
17
18
11
4
2
14
16
7
9
1
18
6
9
3
1
10
11
4
1
13
8
3
2
16
2
5
16
14
12
18
11
2
2
17
2
6
5
8
10
16
15
7
6
16
17
4
10
17
1
11
18
11
10
8
6
14
10
16
13
16
0
1
1
15
4
13
17
16
5
4
18
6
10
15
9
18
15
16
17
14
8
1
14
16
6
18
1
5
11
10
4
18
6
1
10
5
10
10
7
10
4
12
11
10
