4
18
6
6
5
4
3
4
2
11
17
7
6
9
13
5
2
4
8
4
10
18
0
14
17
12
3
17
1
11
4
18
11
5
1
3
10
18
13
8
14
7
10
18
18
7
16
11
6
17
2
11
5
11
10
13
10
11
11
5
18
5
6
13
6
11
6
18
5
12
1
1
2
3
1
9
5
2
11
6
7
7
8
9
15
2
14
1
18
0
3
1
8
6
5
8
10
18
16
11
11
2
2
18
14
17
1
13
15
1
3
14
3
15
5
18
2
11
3
11
6
3
12
8
5
1
1
8
3
3
3
2
9
11
2
0
10
7
12
1
13
7
8
3
15
6
3
16
12
18
11
2
3
11
16
12
6
18
1
4
3
6
10
3
2
4
18
4
12
4
16
3
13
10
12
14
8
12
17
10
18
17
3
3
15
16
6
6
12
11
2
0
0
8
1
5
10
13
12
15
8
16
10
18
4
5
15
6
1
18
14
5
9
16
5
11
8
11
18
1
16
1
1
18
4
5
12
9
3
3
7
13
15
1
1
17
3
11
12
13
3
1
16
0
7
2
3
10
8
3
8
2
3
16
11
13
12
11
4
14
6
3
11
12
18
8
11
10
11
17
2
7
1
2
17
5
3
14
11
10
1
14
3
8
10
6
3
1
4
13
10
14
7
7
8
14
3
8
5
8
7
1
2
17
6
2
12
8
12
11
17
17
6
13
18
11
11
2
11
7
2
6
7
1
5
9
0
2
4
3
6
5
11
0
3
1
12
4
14
1
1
1
10
2
7
12
17
11
18
1
14
3
3
14
3
9
6
10
1
4
5
16
18
12
4
1
1
1
17
14
7
10
7
11
16
2
1
10
12
2
10
0
7
6
5
11
14
11
6
5
5
6
6
8
2
3
9
13
1
5
8
4
17
4
8
7
4
5
1
18
3
11
6
3
16
12
3
5
16
18
11
14
1
3
7
4
2
3
5
14
8
15
12
3
4
1
16
10
4
8
2
3
16
14
6
8
18
14
13
6
6
1
14
18
7
7
14
15
6
6
15
4
5
0
14
2
17
0
3
8
11
4
10
11
5
7
12
2
18
6
1
7
1
11
2
14
8
5
3
15
3
3
7
6
5
17
1
11
4
11
14
16
7
9
13
1
6
9
3
3
6
2
1
1
13
8
3
2
16
2
5
18
14
12
4
11
2
2
5
2
6
5
8
10
16
15
7
6
18
17
1
10
17
1
11
18
4
10
8
6
14
8
16
13
16
0
7
1
15
3
13
17
16
5
18
4
6
10
15
9
18
15
16
17
14
8
1
14
16
6
18
1
5
11
6
4
4
6
1
10
5
10
13
7
10
4
12
11
0
