11
18
1
18
6
4
4
8
8
8
10
2
16
2
13
10
15
4
18
18
1
6
2
11
1
4
5
4
4
14
14
16
4
4
10
18
16
18
18
18
1
1
14
18
4
4
13
6
1
1
4
1
5
1
2
1
1
10
1
18
18
1
4
4
4
18
1
1
1
10
5
4
14
10
4
4
11
4
18
1
4
10
16
5
10
8
4
1
1
18
18
12
18
18
10
2
1
18
4
1
5
13
18
1
18
18
4
2
1
4
10
16
18
4
1
1
4
18
18
4
7
4
6
10
10
4
18
16
1
18
4
1
2
16
4
18
1
18
18
4
5
1
1
18
4
2
1
4
18
7
4
2
18
12
10
13
18
17
1
18
18
18
10
4
5
18
1
4
4
4
18
18
18
5
12
18
4
18
10
1
10
1
18
4
18
4
4
4
13
1
18
4
4
4
18
4
18
3
18
4
4
18
16
1
4
7
1
4
2
5
6
13
4
4
10
18
4
2
18
1
4
0
18
18
18
10
18
1
18
13
18
4
2
2
6
4
4
4
4
18
18
2
18
18
3
2
1
18
16
18
4
7
18
2
18
4
1
9
6
18
7
10
18
18
4
1
18
4
4
18
4
6
6
1
4
14
8
6
5
10
7
6
6
2
1
8
1
1
1
14
5
16
1
1
13
18
8
10
4
11
1
18
2
1
1
4
4
4
4
8
18
18
5
8
5
4
5
6
18
6
4
18
10
4
1
1
18
4
14
2
1
18
10
10
1
1
10
10
8
14
1
18
9
1
16
10
5
5
1
18
2
18
11
10
6
18
10
1
1
6
6
18
1
4
1
10
4
13
16
10
6
18
10
18
4
18
1
18
4
4
18
6
12
1
1
4
6
18
4
4
6
2
4
4
4
4
14
5
8
1
10
18
18
6
1
4
6
6
4
18
8
13
4
1
4
1
4
7
18
4
10
4
18
8
1
10
18
0
6
4
1
1
18
1
18
7
4
8
14
4
4
18
1
1
4
4
18
16
7
5
10
18
4
10
4
4
10
2
16
1
18
4
4
4
5
18
1
1
3
6
5
18
1
18
4
13
18
4
4
1
16
18
1
13
18
18
5
10
16
3
18
1
10
4
1
14
4
4
1
1
5
4
10
10
18
8
2
4
18
18
18
2
5
4
1
4
13
8
4
18
18
10
1
18
4
6
8
8
1
10
1
6
18
1
18
18
4
18
1
4
1
4
4
16
1
10
1
18
1
1
5
10
4
8
5
4
4
18
4
18
4
10
1
7
4
1
5
5
1
12
10
10
1
18
18
4
4
1
16
4
6
1
18
1
1
8
4
4
1
10
18
8
4
4
4
18
16
13
18
12
1
5
4
18
4
4
1
1
11
1
4
13
4
5
18
1
2
18
18
4
18
4
10
4
18
18
1
18
1
4
18
1
5
1
1
18
4
6
10
18
18
1
1
6
1
10
1
4
2
10
8
10
4
18
1
18
4
16
4
10
4
18
4
2
17
1
2
1
5
4
8
18
14
13
1
18
4
10
5
18
18
10
1
18
10
4
1
4
4
16
18
4
1
4
1
18
4
1
10
1
4
1
16
4
4
18
4
13
2
2
11
10
6
18
4
1
1
18
6
6
18
4
14
4
12
4
16
6
11
18
18
2
4
3
1
1
4
1
18
10
10
18
10
10
1
4
8
8
4
8
13
4
4
18
4
4
1
10
18
5
14
4
4
3
14
4
4
18
6
4
1
4
18
4
1
7
7
5
4
18
18
18
4
1
1
16
1
1
4
1
8
1
4
4
1
18
10
1
18
10
16
18
3
14
10
4
2
10
1
2
9
1
4
1
1
10
4
4
1
1
1
8
4
1
1
6
4
5
4
10
4
18
18
18
1
1
4
4
1
10
10
1
4
10
4
1
10
1
4
17
4
10
