10
16
18
18
5
18
18
4
4
1
4
18
6
4
18
18
10
8
18
10
6
11
5
18
5
1
10
3
13
4
1
5
1
9
1
8
18
1
18
6
16
16
10
1
18
1
16
10
10
4
4
1
18
18
4
18
4
1
2
1
8
18
10
2
10
5
4
14
4
18
4
18
4
5
4
4
1
18
16
5
1
13
1
8
1
1
1
1
18
4
6
2
1
8
4
18
7
4
10
10
5
16
18
1
1
10
2
18
13
1
4
18
4
18
5
18
1
18
2
2
18
4
18
14
4
1
4
18
1
18
10
1
10
10
4
18
18
1
1
4
18
1
1
11
6
4
1
18
13
4
8
13
18
4
18
6
18
5
18
18
1
1
18
6
18
18
6
1
1
2
18
1
16
4
4
6
6
4
18
4
18
2
18
1
4
18
4
1
4
18
4
1
2
1
5
11
18
4
1
16
18
2
5
11
5
2
1
13
13
10
1
4
5
18
11
4
7
1
2
16
1
18
1
10
18
4
11
1
4
1
1
8
18
10
4
11
5
6
10
11
1
4
10
4
8
18
18
18
4
16
18
18
2
10
4
1
2
18
18
8
6
2
6
4
14
4
10
1
4
10
16
4
4
18
18
4
2
16
4
18
11
1
5
18
13
18
18
4
18
18
18
13
4
8
16
1
1
2
13
6
18
4
5
5
18
7
10
10
4
10
4
18
18
4
10
16
18
11
1
10
4
1
18
5
4
18
4
8
1
4
4
2
18
10
4
4
18
4
1
4
1
4
4
4
1
4
16
10
2
18
4
1
4
1
18
1
4
7
1
5
18
4
18
13
1
18
2
2
2
6
4
1
8
1
1
10
18
10
1
10
4
1
4
1
8
10
18
5
4
18
18
18
4
10
10
4
1
4
18
13
18
4
1
18
1
4
1
4
1
4
1
16
16
8
18
18
4
18
4
16
11
4
1
1
4
4
5
13
4
7
18
5
18
11
0
8
18
1
4
4
10
1
1
18
18
1
1
18
18
18
4
2
2
18
1
1
2
1
18
9
10
1
4
1
18
14
18
2
5
4
4
4
18
2
18
10
1
16
8
10
7
1
6
4
18
1
18
16
10
4
1
11
4
5
10
4
4
4
10
2
18
1
1
14
18
18
8
1
18
4
4
18
2
18
11
4
1
13
11
12
4
4
1
4
1
10
2
1
8
1
1
1
18
1
18
4
7
10
1
6
4
4
6
1
10
1
18
10
1
4
18
10
1
10
4
1
18
8
10
18
18
18
10
4
1
18
5
10
10
1
1
16
4
14
4
10
7
5
10
18
10
1
1
10
18
8
18
18
10
10
1
10
2
1
6
4
18
10
1
1
13
8
4
16
18
4
18
18
5
4
4
2
16
3
18
4
10
4
10
1
10
6
4
1
5
4
1
18
18
1
4
1
4
16
1
18
5
4
8
18
5
18
18
18
1
18
4
2
18
1
1
1
18
13
18
4
18
1
18
18
18
10
1
3
4
18
18
6
18
4
18
6
4
4
8
4
18
6
1
5
4
18
4
4
5
4
18
4
4
18
14
18
7
10
5
1
6
8
4
13
10
18
4
2
10
1
1
4
16
11
2
1
1
18
1
1
18
4
18
4
18
4
1
5
1
18
18
2
1
4
1
10
5
11
4
1
1
18
2
11
2
4
18
1
1
5
10
18
11
4
2
4
1
4
7
1
4
18
10
8
18
4
4
5
8
16
13
16
18
4
18
5
7
4
18
4
4
8
4
9
2
1
4
18
18
10
1
3
4
1
1
10
14
4
6
5
5
5
10
2
18
10
9
18
18
1
18
15
10
18
1
4
18
1
18
18
1
4
10
4
11
4
1
16
18
10
4
10
18
4
5
18
2
18
16
16
1
1
4
16
18
18
1
1
4
14
4
6
4
10
2
4
