6
4
8
5
10
10
11
6
6
14
10
4
11
10
10
4
8
3
7
8
18
2
11
4
18
6
10
11
10
8
13
3
10
4
18
6
5
4
3
2
8
1
8
3
11
3
10
1
16
3
3
1
8
3
5
11
10
11
11
17
6
11
3
1
8
3
4
17
5
1
3
10
7
1
4
11
1
11
1
10
4
11
3
3
1
10
6
1
4
4
1
16
6
4
10
17
8
18
3
4
10
1
3
1
8
4
2
3
11
1
5
10
8
5
1
4
10
3
8
2
14
12
5
16
1
6
6
1
2
10
2
8
2
5
8
11
3
4
10
6
12
10
12
8
4
1
8
5
6
1
3
3
2
18
1
6
5
10
4
3
3
3
1
14
18
11
2
1
2
10
1
18
6
1
4
1
1
1
1
1
2
3
4
3
16
11
1
11
3
6
2
3
3
2
2
11
6
16
11
3
3
11
4
11
16
4
1
18
4
3
5
16
4
7
3
3
7
1
1
11
4
11
3
1
2
2
3
3
8
1
4
10
11
1
10
3
2
4
8
6
3
10
2
11
10
10
4
4
1
10
11
7
4
11
11
8
7
16
2
4
8
11
6
4
4
12
1
16
1
1
12
6
4
1
18
6
6
11
1
2
3
12
3
12
2
18
2
1
8
5
1
11
3
11
3
7
10
8
4
3
11
18
8
4
12
1
1
5
1
12
8
1
1
3
8
8
3
12
11
4
5
11
7
4
4
5
3
11
11
3
11
3
10
10
11
3
6
10
4
3
6
6
10
11
3
1
2
11
4
18
6
4
1
4
10
11
10
8
18
3
5
8
2
11
11
18
3
10
10
1
10
4
10
8
3
1
11
12
11
6
5
1
3
10
10
10
3
1
3
1
3
18
2
3
6
2
10
3
2
16
14
1
1
1
5
1
10
7
4
5
11
16
4
4
3
3
8
1
11
3
3
8
2
10
3
1
11
5
4
1
11
4
4
10
6
18
1
1
3
2
4
18
10
4
8
11
11
11
1
3
4
18
11
1
10
11
11
1
1
12
3
11
8
11
8
4
8
3
8
8
8
2
11
1
11
3
4
3
18
4
1
5
8
2
1
3
4
11
16
8
4
4
8
8
10
8
10
18
4
3
8
5
2
8
3
2
11
4
3
3
4
11
10
2
18
1
3
11
3
1
18
11
1
1
3
4
3
3
7
2
1
1
6
1
11
6
10
8
1
1
3
4
3
1
1
18
8
10
12
1
4
4
11
12
11
11
12
3
6
2
8
3
18
3
1
5
1
11
3
11
2
3
8
11
11
4
12
5
4
3
1
1
8
1
10
2
3
18
4
14
4
6
8
11
11
2
1
3
11
5
