10
3
11
13
10
2
0
15
10
13
5
4
7
7
12
3
0
17
3
18
18
2
16
7
6
10
3
18
14
17
7
13
10
5
3
4
15
11
7
5
12
7
2
12
2
2
15
8
8
12
17
4
8
10
8
18
10
3
7
6
1
10
8
0
12
15
6
12
5
2
0
12
17
6
5
8
8
11
2
10
1
7
15
10
12
9
10
8
1
9
16
7
4
16
8
5
4
8
6
5
11
4
13
2
13
0
13
17
5
3
2
17
6
3
6
6
8
10
4
9
6
17
18
5
5
0
11
12
10
14
7
16
13
8
15
0
9
5
16
10
18
1
0
3
14
1
6
8
7
13
13
13
15
12
6
1
0
0
7
9
16
7
7
7
12
13
6
17
7
10
7
8
16
16
11
13
18
3
12
15
18
9
4
10
16
1
12
2
9
6
16
4
2
16
10
8
10
13
17
14
4
3
17
2
3
16
16
5
18
0
4
12
8
1
5
4
15
4
0
1
16
4
8
4
15
4
16
7
7
9
17
6
8
17
12
12
1
14
3
18
1
8
10
6
2
4
2
5
2
5
15
0
18
9
14
2
9
6
2
1
10
8
10
14
3
5
9
15
11
13
3
17
12
11
12
0
7
8
2
14
4
3
9
10
5
9
6
7
6
11
17
6
17
10
17
7
4
14
18
4
0
1
12
3
15
1
18
3
16
4
8
17
9
2
1
3
9
18
0
10
15
14
17
4
1
13
2
5
5
8
17
4
4
13
9
8
6
1
6
4
16
4
3
3
16
5
18
11
11
7
12
0
15
10
2
2
10
4
17
0
13
1
6
2
14
10
13
8
15
18
17
0
13
6
1
18
6
11
13
3
15
8
14
0
13
0
11
2
14
7
15
1
6
17
0
7
6
11
3
8
1
3
17
14
18
18
0
1
17
14
14
9
16
3
9
9
0
0
3
3
11
2
8
7
6
2
18
1
1
13
16
1
6
7
16
4
15
0
1
10
0
10
18
3
7
7
13
18
12
11
9
10
7
10
7
18
16
3
10
13
8
0
16
7
13
9
7
0
5
1
6
16
11
0
1
17
18
6
17
12
17
15
3
14
9
12
0
14
18
1
16
0
10
8
1
6
18
0
7
16
6
6
14
2
5
17
5
13
9
4
17
1
4
6
1
0
0
15
7
10
9
11
8
6
8
15
16
7
5
4
14
2
3
5
11
7
2
11
7
12
4
3
5
7
5
15
14
12
1
2
16
18
14
4
2
13
14
0
14
5
8
0
12
17
14
6
5
1
8
0
9
5
2
3
11
1
16
3
17
3
2
14
11
13
12
15
1
4
8
2
9
5
16
7
4
16
18
4
10
