1
2
18
1
1
18
18
4
1
4
4
1
6
18
1
18
8
16
4
18
1
18
5
18
1
1
2
4
10
4
4
18
18
14
1
1
2
10
18
1
4
5
2
4
6
18
1
8
16
4
18
1
4
10
4
1
17
1
4
10
1
3
14
4
4
18
8
4
6
1
1
1
18
6
18
18
4
4
1
18
18
11
18
1
1
18
1
1
2
1
1
4
17
1
18
18
1
18
4
5
18
18
18
4
18
1
1
10
4
4
1
18
1
8
2
5
4
8
1
14
1
10
1
10
10
1
17
10
2
4
16
6
4
1
10
1
10
10
18
11
4
18
6
18
18
10
1
1
1
11
1
18
5
8
1
1
18
18
18
4
18
1
18
13
14
10
1
4
18
18
1
1
18
18
1
1
1
2
5
4
18
4
1
1
10
18
2
11
10
1
4
18
8
4
1
16
18
8
18
18
18
2
5
4
18
18
4
8
8
1
18
18
2
1
5
8
18
1
7
8
15
18
4
1
5
1
4
1
2
4
1
4
18
1
18
1
18
5
1
1
1
1
4
1
10
6
2
18
18
18
18
18
4
2
8
18
4
4
18
18
1
1
18
1
6
4
10
10
4
5
10
18
1
2
4
1
6
1
4
18
4
1
18
1
1
8
14
1
18
18
8
18
7
18
12
1
7
4
4
11
18
8
18
18
4
13
13
2
1
4
5
18
18
4
11
2
1
4
4
2
1
18
4
1
1
12
18
4
1
1
4
1
8
4
4
10
8
18
4
18
1
10
1
8
4
18
1
10
13
7
18
1
1
18
4
18
10
7
18
1
8
6
5
1
18
1
5
18
4
4
1
1
18
18
4
18
6
18
18
6
2
1
17
1
1
4
18
6
10
4
1
11
4
18
10
8
4
18
18
1
2
18
10
10
10
18
4
1
18
10
10
4
1
13
18
18
1
11
8
18
1
18
18
4
18
1
4
1
16
10
18
1
13
18
6
15
1
10
5
5
4
18
1
13
18
18
1
7
1
2
10
18
18
2
10
4
6
4
4
18
1
18
4
10
1
7
2
2
1
4
18
10
4
1
10
4
18
1
6
6
13
1
3
2
18
18
18
4
18
18
18
4
18
18
6
1
1
1
18
18
6
13
7
8
4
10
8
6
1
18
6
4
18
18
5
18
11
10
4
18
4
18
4
1
1
10
5
18
4
1
18
18
1
4
1
10
4
16
1
13
1
15
18
2
18
5
18
4
10
18
4
2
18
8
18
1
18
4
18
1
1
1
18
1
18
3
18
18
13
18
1
4
1
4
4
18
18
4
2
1
18
2
8
10
18
10
5
5
18
18
6
4
10
7
1
18
18
2
1
18
1
1
1
18
4
18
8
1
8
18
5
5
18
1
18
18
1
18
18
4
14
10
5
11
13
18
8
18
1
18
1
18
1
1
16
11
4
8
1
1
18
18
8
1
18
1
18
11
10
18
18
4
18
6
2
10
11
18
17
18
8
4
4
8
18
1
4
2
5
8
10
1
18
1
4
18
4
1
4
18
1
18
8
5
5
13
2
3
4
18
18
5
4
1
18
18
1
4
10
16
2
6
1
10
18
18
1
1
16
1
18
4
1
18
1
10
4
18
4
18
18
18
18
1
18
18
18
18
10
10
1
2
18
18
1
16
18
18
18
4
18
18
18
1
6
18
18
18
10
13
4
8
18
10
18
1
4
1
1
1
1
1
6
18
4
4
16
4
10
1
18
1
4
18
18
18
13
4
18
12
18
18
10
18
18
1
18
18
18
18
4
18
1
1
4
18
18
18
5
4
1
4
1
13
1
18
1
18
18
18
18
1
1
1
4
1
8
1
1
11
1
1
18
5
7
6
18
6
18
18
10
16
18
5
1
18
4
1
4
18
4
18
14
18
4
6
1
18
18
1
4
4
