1
11
11
8
11
17
3
8
13
4
8
12
11
18
2
2
11
1
5
5
12
13
1
7
6
13
3
5
16
3
14
16
14
14
11
14
6
3
0
16
10
8
2
6
18
8
18
6
1
11
16
11
12
16
1
8
1
18
18
15
7
1
6
17
13
4
14
9
10
11
18
1
0
7
5
8
2
11
4
10
9
17
4
4
8
1
6
2
10
18
17
6
1
3
17
11
5
4
13
14
0
7
9
13
10
9
15
4
15
11
2
18
2
8
18
17
18
4
3
16
10
1
2
16
8
2
4
5
11
2
17
11
17
0
18
8
2
11
2
13
2
9
13
12
10
4
12
9
6
4
15
10
13
8
7
3
12
10
1
11
15
16
7
5
10
17
14
6
14
16
11
11
12
11
16
13
7
1
18
15
8
18
10
14
2
16
10
10
18
18
10
5
9
16
4
6
12
5
4
2
0
18
6
1
6
1
2
11
5
8
10
8
4
7
1
16
3
10
8
8
7
2
12
15
1
16
18
2
2
3
8
11
1
6
4
11
1
4
18
1
4
0
13
17
5
2
10
11
4
2
12
9
3
8
13
2
16
17
11
11
1
4
12
3
11
0
6
18
5
14
10
7
8
11
16
7
5
18
11
11
7
13
12
17
18
8
7
1
4
17
18
2
17
10
3
12
18
7
6
1
7
12
8
4
4
11
13
3
18
7
5
6
17
10
1
16
15
2
2
11
10
18
0
18
14
10
5
15
12
6
8
13
14
17
7
11
13
4
16
10
11
8
4
5
14
11
14
4
9
18
4
12
10
8
11
13
8
15
4
18
4
8
1
8
0
2
1
16
4
1
8
3
16
2
4
0
15
7
2
14
3
5
17
13
13
14
6
1
10
5
6
1
10
13
11
6
3
4
2
2
16
4
11
3
6
16
4
4
17
10
6
11
2
18
15
5
6
7
4
10
16
2
7
2
16
3
3
13
2
14
17
3
9
14
7
0
8
11
3
12
5
4
10
16
8
9
3
4
18
5
8
13
7
12
6
0
8
14
13
18
11
8
14
13
1
18
0
8
4
14
17
3
5
14
3
11
4
4
10
14
6
13
17
5
3
11
17
2
3
3
11
18
5
16
1
17
18
3
2
15
15
7
12
2
12
9
4
1
5
6
7
1
12
18
12
2
16
10
8
7
13
6
1
18
9
10
1
10
10
10
1
11
4
8
9
10
4
13
18
2
3
1
5
13
15
7
7
6
8
10
15
11
3
6
5
0
1
1
2
1
18
17
11
17
14
15
8
5
10
12
4
18
14
11
9
15
8
16
10
7
0
12
9
1
17
1
13
3
7
1
2
7
8
2
7
10
13
15
0
