1
11
11
8
11
17
3
8
13
4
8
12
11
4
2
2
11
1
17
5
12
13
1
7
14
13
3
5
16
3
14
1
14
14
11
14
6
3
0
16
10
8
2
6
4
8
18
6
1
11
16
11
12
16
4
8
1
18
4
15
7
3
6
17
16
18
14
9
10
11
18
1
0
7
5
8
2
11
5
10
9
17
4
4
8
1
6
11
10
18
17
6
1
3
17
17
5
18
13
14
0
7
9
13
10
9
15
10
15
11
18
5
2
8
14
17
4
1
3
16
17
1
7
16
8
12
1
5
11
6
17
11
17
0
1
8
18
11
2
13
7
9
13
12
10
5
12
9
6
18
15
10
13
10
7
3
12
14
1
11
15
16
7
5
10
17
14
6
14
13
11
11
12
7
18
13
7
1
4
15
8
18
10
14
2
16
10
10
18
18
1
4
9
16
1
6
12
1
18
2
0
1
6
4
6
1
2
11
5
8
0
4
1
7
1
16
3
10
8
8
7
2
12
15
1
16
18
2
2
3
8
11
4
6
6
2
1
4
13
4
4
0
13
17
5
2
10
11
18
2
12
9
3
8
13
2
16
17
11
11
1
4
12
3
11
0
6
4
5
14
10
7
8
11
16
7
4
4
4
11
7
13
12
17
18
8
7
1
4
17
1
2
17
10
3
12
1
7
13
1
7
12
8
18
4
11
13
3
4
7
5
6
17
10
18
16
15
2
1
4
10
18
0
18
14
10
5
15
1
6
8
13
14
17
7
11
13
18
16
10
11
8
4
5
14
11
14
4
9
18
4
12
10
8
11
13
8
15
4
18
1
10
1
8
0
2
4
16
1
1
8
3
16
2
4
0
15
7
2
14
3
5
17
13
13
14
6
1
10
5
14
1
10
13
11
6
3
4
2
2
16
4
11
3
6
16
4
13
17
10
6
11
2
18
15
1
6
7
4
10
16
2
7
2
16
3
3
13
2
14
17
3
9
14
7
0
8
11
4
12
5
4
10
16
8
9
3
16
18
17
8
13
2
12
6
0
8
14
13
18
11
10
14
13
18
16
0
8
1
14
17
3
5
14
3
11
1
18
10
14
6
13
17
3
3
11
17
2
3
3
11
13
4
16
1
17
18
3
2
15
15
7
12
2
12
9
1
4
5
6
7
1
12
18
12
2
16
10
8
7
13
6
4
6
9
10
1
10
10
10
1
11
18
8
9
10
7
13
18
2
3
1
5
16
15
7
7
6
8
8
15
11
3
6
5
0
1
4
2
1
18
5
11
17
14
15
8
5
10
12
18
18
14
11
9
15
8
16
10
7
0
12
9
1
17
1
13
3
7
1
2
2
8
2
7
4
13
15
0
