2
1
1
1
3
5
5
10
1
3
18
10
6
1
4
8
4
12
1
3
11
4
7
10
1
3
5
13
6
1
6
2
4
4
3
18
1
10
2
16
4
10
12
5
8
5
4
1
3
7
1
3
18
3
2
4
1
2
1
18
10
3
18
1
6
10
1
10
8
13
16
11
6
18
12
1
1
4
10
18
6
2
10
1
2
11
1
11
11
10
1
11
1
1
4
5
8
1
3
11
8
3
1
1
11
8
7
2
3
11
4
1
1
3
3
11
18
2
4
4
2
7
11
6
16
1
3
1
1
4
3
1
6
11
1
1
13
6
17
3
10
11
5
11
5
1
8
1
8
11
3
11
1
1
11
11
18
16
11
10
14
18
10
10
11
10
8
1
18
4
18
6
4
3
5
3
2
3
1
4
3
4
11
6
10
10
11
8
18
1
3
11
2
18
13
1
11
14
14
16
2
3
4
12
4
10
3
10
2
10
11
10
6
11
18
18
5
18
10
1
3
11
2
2
11
10
18
1
1
2
8
3
8
1
1
10
18
3
12
1
1
18
10
1
11
8
10
4
1
4
11
10
11
3
8
6
12
2
11
3
3
11
12
5
11
11
18
8
7
3
10
5
10
3
10
11
5
2
12
3
6
3
2
1
3
2
3
5
18
8
4
2
8
3
11
2
18
11
11
11
5
14
17
1
5
11
1
4
10
11
1
3
4
11
14
6
4
11
1
1
1
3
3
4
5
4
16
18
3
1
3
1
4
1
10
3
8
3
18
1
11
1
11
11
4
1
1
11
3
1
1
11
8
2
8
6
10
14
10
8
3
7
1
3
8
5
2
12
2
1
1
8
1
6
3
1
1
1
1
16
8
3
4
6
3
11
10
3
1
8
4
11
3
3
2
8
11
7
12
1
4
4
4
10
1
3
7
1
18
1
11
11
4
10
1
4
2
3
11
17
3
2
2
4
11
1
8
10
11
11
1
11
18
4
12
3
3
10
11
1
1
14
11
2
2
18
3
11
1
3
5
11
1
18
11
4
10
1
18
5
1
3
1
5
5
3
3
3
3
3
11
1
3
16
17
4
3
1
8
18
4
8
1
4
12
4
1
1
11
12
18
6
11
8
6
8
1
10
4
6
5
4
3
11
1
4
1
3
18
3
6
18
18
1
1
2
4
4
5
12
1
1
3
10
11
18
1
10
3
11
11
4
3
10
7
2
16
12
11
4
11
8
3
11
1
11
3
8
2
3
6
4
2
3
5
1
11
3
10
3
18
5
4
8
1
2
8
18
3
10
8
1
4
11
17
2
3
11
3
3
18
2
16
10
10
10
10
13
3
6
1
13
5
13
10
3
18
3
3
8
