6
18
8
10
10
10
11
4
6
1
10
4
11
10
10
4
8
3
5
8
4
2
11
4
15
6
10
11
10
8
11
3
10
2
18
6
5
4
3
2
8
1
8
3
11
3
10
1
16
3
3
4
8
3
5
11
10
11
11
17
6
11
3
1
4
3
4
17
5
1
3
10
7
1
5
11
1
11
3
17
4
11
3
3
1
10
6
1
4
2
1
4
13
18
10
17
8
4
3
4
4
4
3
1
8
16
2
3
4
1
5
10
8
17
2
4
10
3
8
2
18
12
11
16
4
6
6
6
2
10
2
8
2
5
8
11
3
4
10
6
12
10
1
8
4
1
8
1
6
1
3
3
2
4
1
6
5
10
4
3
3
3
1
18
4
11
2
1
2
10
1
13
6
1
4
12
1
1
2
1
2
3
5
3
16
11
1
11
3
6
2
10
3
2
2
11
6
16
11
3
3
11
18
11
16
4
1
6
4
3
5
16
18
1
3
3
7
1
1
11
4
11
3
1
2
2
3
3
8
1
4
10
11
1
10
3
4
4
8
6
3
10
2
11
10
8
18
4
1
10
7
7
16
11
11
8
7
14
3
4
8
11
18
15
4
12
1
4
1
1
12
6
16
2
4
6
6
11
1
2
3
12
3
12
2
18
2
1
8
5
1
11
3
11
3
7
10
8
11
3
11
13
8
18
12
1
1
5
1
12
8
1
1
3
8
8
3
12
11
4
5
7
1
4
4
5
3
11
11
3
11
3
4
10
11
3
6
10
5
3
6
6
6
11
3
1
2
11
18
4
6
4
1
18
10
11
10
8
18
3
16
8
11
11
11
13
3
5
10
5
10
16
10
8
3
1
11
12
11
6
5
1
3
16
10
10
3
1
3
1
3
4
2
3
6
2
10
3
2
16
14
1
1
4
4
1
10
2
4
5
11
16
18
4
3
3
10
6
11
3
3
8
11
10
3
1
11
10
4
1
11
18
4
10
6
4
1
1
3
4
4
18
10
4
8
11
11
11
1
3
13
18
11
1
10
5
11
1
1
12
3
11
8
11
11
11
8
3
8
8
10
2
11
1
11
3
4
3
18
4
1
5
8
2
1
3
4
11
4
8
4
18
8
8
10
8
10
4
18
3
8
17
2
8
3
12
11
4
3
3
16
11
10
13
18
10
3
11
3
1
4
11
4
1
3
16
3
3
7
2
1
1
6
1
11
6
10
8
1
1
3
18
3
1
1
5
10
10
12
1
4
4
11
12
11
11
1
3
4
2
8
3
18
3
1
13
1
11
3
11
2
3
8
11
11
4
12
5
4
3
1
1
8
1
10
2
3
18
4
17
18
6
8
11
11
2
1
3
11
5
