18
18
18
18
16
18
4
4
1
4
1
4
6
10
10
5
1
18
2
18
4
4
10
10
18
12
4
4
4
13
10
16
18
18
1
4
6
18
1
10
18
4
5
1
1
5
1
1
6
1
4
1
18
1
8
1
4
4
16
17
11
10
1
4
4
8
4
13
18
4
10
10
4
0
6
4
10
1
4
4
7
14
18
7
2
16
4
18
4
4
4
4
4
5
18
4
2
10
4
1
10
4
1
13
18
4
1
2
1
1
10
10
18
16
4
1
18
4
1
4
5
4
10
11
18
2
4
8
18
2
1
18
10
14
1
12
18
1
16
4
4
5
2
2
18
6
1
1
18
18
13
18
4
14
6
6
4
1
10
8
1
1
4
14
4
1
4
10
18
4
4
4
4
6
11
10
18
1
8
1
18
18
1
8
4
10
18
1
1
4
14
16
4
10
13
18
10
4
18
10
1
1
18
18
1
16
9
10
1
1
1
1
1
4
18
18
18
18
1
1
8
18
1
4
8
4
4
4
4
18
10
10
1
5
11
2
1
5
18
11
4
11
4
5
18
1
2
4
1
10
4
18
1
13
18
18
1
6
10
10
4
5
7
12
14
1
1
13
4
1
14
16
4
16
1
4
2
14
4
16
4
8
7
18
18
4
15
10
1
13
13
4
4
10
8
10
18
18
1
4
5
6
16
1
16
2
6
18
18
4
1
18
1
10
5
1
4
18
1
4
4
18
4
1
4
1
4
1
1
4
18
1
4
18
2
4
11
1
5
14
18
18
4
6
1
18
18
4
2
16
18
4
1
10
16
18
4
5
11
16
18
1
4
1
11
5
1
18
18
13
16
4
4
2
6
17
4
4
13
1
5
13
1
5
8
4
10
18
4
7
4
18
6
1
4
7
6
1
8
12
5
1
18
16
18
17
1
4
6
4
4
8
4
8
18
4
18
13
4
4
8
5
18
18
2
1
8
4
7
1
1
10
4
18
1
2
4
1
8
4
6
18
10
18
1
16
4
2
1
5
18
4
18
4
1
4
10
13
1
4
6
11
4
1
4
13
1
10
1
5
6
10
5
6
1
4
18
4
2
13
4
16
13
10
4
1
1
10
13
7
8
18
18
16
4
1
4
4
11
18
8
1
18
1
18
8
1
6
17
10
10
2
6
18
1
4
4
6
18
7
4
4
18
11
4
18
3
1
2
1
18
1
4
18
1
18
2
6
10
14
13
4
18
1
4
2
4
4
10
18
18
18
4
4
13
1
5
4
1
4
10
1
5
10
1
6
4
9
4
18
10
18
18
6
6
10
10
12
18
4
18
2
1
4
18
4
5
4
18
18
2
13
16
18
4
8
14
1
4
18
4
4
1
10
1
18
6
1
16
5
18
1
1
1
4
8
14
11
1
8
4
1
18
4
4
10
18
1
18
5
16
4
18
7
18
6
5
2
4
10
4
4
10
16
5
1
13
1
18
18
4
13
5
4
4
6
1
4
10
2
4
4
18
18
18
4
18
18
4
10
4
18
4
1
18
4
12
1
1
18
4
4
5
4
4
18
10
4
18
18
3
10
4
10
10
16
1
18
4
10
14
10
1
4
10
18
4
1
18
6
1
4
8
1
4
16
18
18
1
10
4
4
1
18
4
11
4
18
1
18
14
17
14
4
18
1
18
5
18
11
5
1
4
5
4
4
17
5
6
18
4
18
4
18
1
4
16
18
5
18
4
18
4
18
1
4
4
1
4
6
18
11
18
18
4
18
5
10
13
18
4
10
5
16
18
8
13
16
13
18
18
12
16
18
13
13
18
1
4
4
4
1
14
14
1
1
18
4
5
10
4
5
4
10
8
4
4
6
1
2
10
4
4
4
10
4
2
10
2
1
10
4
5
18
1
1
10
18
18
16
1
1
18
11
1
1
13
6
1
4
4
4
