16
8
7
10
7
4
8
13
3
3
8
8
17
6
7
7
3
3
1
7
2
1
1
12
4
4
17
8
18
9
15
7
16
16
9
14
9
15
13
1
4
10
5
12
2
0
6
6
5
15
1
17
5
3
7
5
14
18
12
1
1
8
0
18
6
1
8
18
3
14
14
5
14
12
9
8
3
16
5
15
16
6
3
1
1
14
18
5
11
11
5
9
16
5
14
1
12
3
11
2
13
16
1
2
3
17
15
17
0
8
2
2
5
15
17
5
1
4
10
18
2
5
6
1
10
16
13
9
11
6
16
5
10
14
18
10
14
6
15
8
10
13
18
2
7
5
4
1
4
5
18
3
5
9
17
9
12
10
18
4
17
13
14
17
0
18
10
17
1
3
3
12
3
6
17
13
10
8
13
10
0
14
12
8
7
12
2
9
5
16
15
1
13
2
14
8
4
5
7
11
12
13
10
14
11
3
16
7
2
6
11
15
10
14
18
4
10
10
14
4
14
16
14
2
17
13
10
11
14
11
0
6
10
1
1
15
1
2
13
10
8
3
9
14
13
10
16
3
15
11
11
4
12
0
2
8
12
16
15
16
12
1
6
5
11
18
3
14
4
11
14
12
8
7
14
4
4
12
8
6
14
3
1
3
16
11
4
12
15
14
1
7
14
16
2
1
17
3
13
14
8
14
4
15
5
1
14
17
7
16
5
10
8
12
17
7
13
3
8
16
10
8
9
14
11
0
17
14
0
10
2
18
12
13
1
15
13
14
8
8
13
0
0
13
10
2
16
2
15
2
8
12
11
13
13
18
7
10
7
11
15
11
12
3
9
10
6
12
11
5
6
13
10
7
3
1
5
16
15
17
18
2
7
14
3
8
17
11
10
17
8
11
0
18
2
14
2
3
7
1
10
13
15
0
8
6
7
5
4
3
11
17
16
7
10
15
15
10
2
8
5
4
16
16
1
9
0
12
9
9
3
6
15
6
3
14
6
13
3
16
11
16
4
11
0
13
4
2
13
11
16
6
14
1
12
2
8
11
18
15
2
2
11
1
1
11
14
1
6
16
1
15
2
0
11
3
11
16
8
4
14
13
9
5
7
14
7
8
0
16
3
4
17
3
1
4
18
5
6
3
9
2
13
18
16
5
11
14
18
10
3
14
12
18
4
10
5
5
8
1
15
15
18
6
2
16
8
11
17
5
10
12
12
12
1
7
18
1
17
12
2
16
1
16
15
4
14
10
7
17
10
3
11
5
11
3
5
8
13
15
1
16
13
4
0
3
4
7
17
5
14
18
6
2
10
4
17
7
3
6
10
17
11
8
16
1
10
18
11
12
9
18
5
8
3
13
5
13
17
