12
11
10
8
13
16
12
3
3
10
17
6
17
3
17
6
14
17
2
7
2
8
17
14
14
3
1
3
15
11
18
4
1
11
12
11
10
5
11
1
0
14
6
5
10
12
5
1
8
5
2
12
18
16
7
11
11
3
2
18
10
5
0
11
10
16
11
8
13
12
8
5
8
11
8
3
10
9
3
18
4
1
5
11
18
3
8
14
13
4
4
6
4
3
5
11
5
14
6
12
15
3
4
4
2
11
4
15
6
11
8
9
8
6
4
10
16
3
16
4
6
4
2
8
13
17
0
5
3
8
2
0
18
9
8
5
4
11
16
12
11
2
11
4
11
4
14
18
16
7
11
6
4
16
11
16
2
15
13
10
6
16
10
4
5
3
2
6
17
11
10
10
16
1
3
4
11
8
1
17
17
12
2
6
10
4
4
12
4
3
3
16
2
5
4
3
14
11
3
18
10
4
10
4
12
9
12
11
12
3
11
13
8
2
11
1
11
5
4
13
10
10
16
18
4
8
5
10
4
11
9
5
9
11
4
5
7
1
4
18
12
11
8
11
16
5
12
11
12
13
5
7
8
6
18
16
17
14
2
14
3
5
17
8
2
7
12
9
14
11
10
13
12
2
3
3
5
11
2
17
16
18
1
8
11
2
8
10
17
4
13
7
6
14
10
2
3
5
1
13
7
12
3
3
18
18
12
8
11
4
5
4
8
13
8
10
3
1
7
10
3
14
11
15
2
6
4
1
16
2
15
3
16
5
6
10
13
2
1
1
7
1
5
8
17
18
12
12
2
14
0
14
10
3
12
6
0
2
1
2
8
10
1
4
2
16
16
12
1
1
18
16
10
18
2
7
13
7
15
2
18
4
12
3
6
8
11
10
1
3
4
6
3
6
16
11
16
10
3
7
1
16
16
9
14
15
6
8
13
3
6
3
7
1
13
4
1
2
4
11
1
14
5
0
4
6
18
18
0
15
14
10
18
6
2
1
13
8
10
2
18
10
17
10
18
4
11
11
7
3
17
14
6
13
10
8
12
14
1
8
10
18
4
15
2
1
8
6
18
4
8
2
10
14
1
15
2
12
1
14
10
13
6
4
3
11
17
16
18
10
16
15
4
1
16
11
8
6
1
18
10
7
4
17
4
18
5
2
2
14
6
4
4
6
12
5
13
8
6
11
6
5
15
5
12
1
10
3
1
0
7
7
1
12
11
2
4
14
13
11
11
6
1
5
10
5
12
12
3
4
4
15
8
1
18
6
0
8
8
0
4
0
18
7
8
6
3
14
15
6
14
3
13
2
4
1
16
11
6
6
5
16
18
12
4
10
8
8
7
9
12
1
14
7
6
3
1
3
8
