12
2
10
8
13
16
12
3
3
18
17
6
17
3
17
6
6
17
2
7
2
8
17
14
14
3
1
3
15
11
4
18
1
11
12
11
10
17
11
1
0
14
6
5
10
12
5
3
8
5
2
12
1
16
7
11
11
3
2
18
10
5
0
11
10
16
11
10
13
12
8
5
8
11
8
3
10
9
3
18
4
4
17
11
18
3
8
14
18
11
4
6
4
3
5
11
5
14
4
12
15
3
1
4
2
11
3
15
6
11
8
9
8
6
18
10
16
3
16
4
6
10
2
5
13
17
0
5
11
10
2
0
18
9
8
5
4
11
16
12
11
2
11
4
11
10
14
18
16
2
11
6
4
16
2
16
10
15
1
10
14
16
10
4
5
3
7
6
17
11
10
10
16
1
3
1
11
8
1
17
17
12
2
16
18
18
18
12
4
3
3
16
2
5
4
3
14
11
3
18
10
4
10
4
12
9
12
11
12
3
11
13
8
8
2
1
11
1
18
13
10
10
16
14
1
4
17
10
4
11
9
17
9
11
5
5
7
1
11
18
2
11
8
11
16
5
12
11
12
13
5
7
8
1
1
16
17
14
2
14
3
5
17
12
2
7
12
9
14
11
10
13
12
2
3
3
5
11
1
17
16
1
18
8
11
2
8
0
17
4
13
7
6
14
10
2
3
5
1
13
7
12
3
3
18
18
12
8
11
18
5
4
8
13
8
10
3
1
7
10
3
14
11
15
2
6
4
1
4
2
15
3
16
5
6
10
13
3
1
1
7
1
4
8
17
18
12
12
2
14
0
14
10
3
12
6
0
2
1
2
8
10
1
4
2
16
16
12
1
1
10
16
8
18
2
7
13
7
15
2
18
4
12
3
6
8
11
10
1
3
5
6
3
14
16
11
16
10
3
11
13
16
16
9
14
15
6
8
13
3
4
3
7
1
13
18
1
12
4
11
1
14
5
0
1
1
18
13
0
15
14
10
4
6
2
4
13
8
10
18
1
10
17
10
1
4
11
11
7
3
17
14
6
13
10
8
12
14
1
8
10
4
4
15
2
3
8
6
18
1
8
2
10
14
16
15
2
12
1
14
10
13
1
1
3
11
17
4
6
10
16
15
4
1
16
11
8
6
1
4
14
2
11
5
18
18
5
18
2
14
6
1
4
6
2
5
13
8
6
11
6
5
15
5
12
1
10
3
1
0
7
7
6
12
7
2
18
6
13
11
11
6
1
5
10
5
12
12
3
4
4
15
8
18
18
6
0
8
8
0
4
0
10
7
8
6
1
14
15
2
14
3
13
2
4
4
16
11
6
6
5
16
18
2
4
10
8
8
7
9
12
1
14
7
6
3
1
3
10
