3
2
2
1
4
1
2
8
1
1
3
5
7
10
5
8
18
6
11
3
4
3
1
6
1
18
3
8
3
3
6
11
4
1
4
10
14
2
16
10
2
3
11
7
10
3
3
3
11
11
3
8
18
3
1
3
3
3
1
3
11
1
11
11
6
1
10
3
3
11
12
3
10
11
13
10
4
18
2
6
10
1
4
11
1
4
1
10
6
2
12
1
3
1
8
4
3
3
11
3
2
8
8
11
6
3
3
10
4
11
1
4
10
5
1
8
3
4
3
3
3
11
6
10
1
4
3
1
3
1
2
4
8
1
8
1
16
6
4
10
11
4
1
1
3
18
2
16
11
3
1
3
11
1
10
1
8
2
8
1
1
4
18
1
10
18
1
1
1
11
3
14
6
4
11
5
3
4
2
8
1
1
11
10
3
1
1
6
11
3
4
5
1
5
1
4
14
11
8
11
11
1
8
7
8
5
11
11
3
1
3
3
3
1
10
1
7
3
1
2
11
3
3
3
5
3
1
7
1
2
1
6
5
4
12
5
5
3
1
10
3
3
8
6
3
3
10
5
8
11
11
3
6
5
6
16
18
1
1
8
1
11
1
14
3
18
1
1
5
2
3
4
6
3
1
5
1
11
11
8
1
4
16
1
8
18
4
8
2
3
11
1
4
18
10
7
3
18
3
4
1
8
11
3
4
2
2
1
11
8
4
4
11
16
5
5
4
6
3
3
6
18
1
10
3
10
11
6
5
11
3
5
13
4
1
18
1
3
4
4
1
10
11
11
7
12
1
8
12
1
1
4
11
5
1
5
8
18
1
1
8
8
11
3
11
12
3
6
2
8
10
11
18
10
3
11
10
11
2
3
5
3
1
12
1
4
3
3
5
11
11
5
6
11
1
3
5
2
4
1
4
3
1
14
16
6
3
1
3
10
18
3
1
4
1
1
1
18
2
11
8
11
3
1
11
1
3
5
18
1
11
5
3
3
11
6
1
1
1
3
3
2
7
18
4
4
1
11
11
16
1
11
4
8
8
7
2
3
8
11
12
2
6
3
10
11
1
2
1
10
10
3
4
4
1
11
1
2
10
3
2
4
1
10
11
1
1
10
1
6
5
11
11
1
11
11
8
6
3
8
4
4
11
8
6
4
8
3
18
1
10
10
3
16
1
3
10
6
3
11
1
2
18
18
8
14
4
8
5
8
11
5
4
18
4
3
3
2
1
11
18
2
5
2
4
3
1
3
5
3
2
10
11
2
4
18
1
1
8
1
18
1
1
2
18
8
18
10
3
1
10
1
10
4
18
11
11
10
5
18
1
4
1
3
2
1
2
4
1
3
18
8
7
18
11
10
11
7
18
1
