13
11
10
8
13
16
13
3
3
10
17
6
17
3
17
6
14
17
2
8
2
8
17
14
15
3
1
3
15
11
18
4
1
11
12
12
10
6
11
1
0
14
7
5
10
13
6
1
8
5
3
13
18
16
8
11
11
4
2
18
10
6
0
12
10
16
11
8
14
12
8
6
8
11
8
3
11
9
4
18
4
1
6
11
18
3
9
15
13
4
4
7
4
3
5
11
5
15
7
12
15
3
4
5
2
11
4
15
6
11
8
10
8
6
5
10
16
4
16
4
6
5
2
8
13
17
0
6
4
8
2
0
18
10
8
6
4
11
16
12
11
2
11
4
12
5
14
17
16
8
11
7
5
16
11
16
2
16
13
10
7
16
10
4
5
4
2
7
17
11
10
10
16
1
4
4
11
8
1
17
17
13
2
7
10
4
4
13
4
3
3
16
2
6
5
3
15
11
3
18
11
5
10
5
13
9
12
12
12
3
12
14
9
3
12
1
12
6
4
14
10
10
16
18
4
9
5
11
4
12
10
5
10
11
5
6
7
1
5
18
13
12
9
12
16
5
12
12
12
13
5
7
8
6
18
16
17
15
2
15
3
5
17
8
2
8
12
10
15
11
10
13
12
2
3
3
5
11
2
17
16
18
1
9
12
2
9
10
17
4
13
7
7
14
11
2
3
5
1
13
8
13
4
3
18
18
12
8
11
4
6
5
8
14
8
11
3
1
8
10
4
15
12
15
2
7
4
1
16
2
15
3
16
5
7
10
13
2
1
2
7
1
6
8
17
18
12
12
2
14
0
14
11
3
12
7
0
2
1
2
8
10
1
4
2
16
16
13
1
0
18
16
10
18
2
7
13
7
15
3
18
4
12
3
7
8
11
10
0
3
4
7
3
7
17
12
16
11
3
8
1
16
16
10
15
15
7
8
13
4
6
4
7
1
14
4
1
2
4
11
1
15
6
0
4
6
18
18
0
15
14
10
18
7
2
1
13
9
10
2
18
10
17
10
18
4
11
11
7
3
17
14
6
13
10
8
13
15
0
8
10
18
5
15
2
1
9
7
18
4
9
2
11
14
1
15
2
13
2
14
11
14
6
4
3
11
17
16
18
10
16
16
4
1
17
11
9
6
1
18
11
7
5
17
4
18
5
2
3
14
6
5
5
6
13
5
13
9
6
12
6
6
16
5
12
1
10
4
0
0
7
8
1
13
11
2
4
15
14
11
11
6
1
6
11
6
13
13
3
4
4
16
8
0
18
7
0
9
9
0
5
0
18
8
8
7
3
14
15
6
15
3
13
2
4
1
16
12
7
6
6
16
18
12
5
10
8
9
7
10
12
1
15
8
6
4
0
3
8
