13
11
10
8
13
16
13
3
3
12
5
6
17
3
17
6
14
17
5
8
6
8
17
14
15
3
1
3
15
11
18
4
15
11
12
12
10
6
11
18
0
14
7
5
10
13
6
4
8
5
1
13
4
16
3
7
7
4
2
18
10
14
0
12
10
16
11
8
14
12
8
6
8
11
8
3
11
9
4
18
18
18
6
11
2
3
9
15
13
6
15
7
5
3
5
11
5
15
7
12
15
3
18
5
2
11
4
15
6
11
8
10
8
15
5
10
16
18
16
10
6
5
2
10
13
5
0
6
4
8
2
0
18
10
8
6
13
11
16
12
11
2
11
4
12
5
14
5
16
8
11
7
5
16
11
16
2
16
13
10
7
16
10
1
5
4
4
7
17
11
10
10
16
4
18
4
11
8
1
17
17
13
2
7
10
18
18
13
4
3
3
16
2
6
5
3
15
11
3
4
11
5
10
4
13
9
12
12
12
3
12
14
9
3
12
1
12
6
18
14
10
10
16
4
18
9
5
11
1
6
10
5
10
11
5
6
7
1
5
18
13
12
9
12
16
5
12
12
12
13
5
7
8
6
4
16
17
15
2
15
3
5
17
8
2
8
12
10
15
11
10
13
12
2
3
3
5
11
2
17
16
18
13
9
12
2
9
10
17
1
13
7
7
14
11
2
3
4
17
13
8
13
4
3
18
16
12
8
11
18
6
5
8
14
8
11
3
1
8
10
4
15
12
15
2
7
4
4
16
2
15
3
16
5
7
10
13
2
1
2
7
4
6
8
17
18
12
12
18
14
0
14
11
3
12
7
0
2
1
2
8
10
18
14
7
16
16
13
3
0
4
16
10
18
2
7
13
7
15
3
18
5
12
3
7
10
11
10
0
3
4
7
3
7
17
12
16
11
3
8
1
16
16
10
15
15
7
8
13
13
6
4
7
1
14
1
1
7
14
11
11
15
6
0
4
6
18
4
0
15
14
8
18
7
2
13
13
9
10
2
18
10
17
10
1
5
11
11
7
3
17
14
6
13
10
8
13
15
0
8
10
18
5
15
2
1
9
7
4
6
9
2
11
14
18
15
2
13
2
14
11
14
4
4
3
11
17
16
18
10
16
16
4
1
17
11
9
6
4
18
11
7
5
17
18
6
5
2
3
14
14
5
5
10
13
3
13
9
6
12
6
1
16
5
12
18
10
18
0
0
7
8
1
18
7
2
4
15
14
11
11
6
1
17
11
1
13
13
3
4
4
16
8
0
4
7
0
9
9
0
5
0
18
8
8
7
3
14
15
6
15
3
13
18
1
4
16
12
7
6
4
16
1
12
5
10
11
9
7
10
12
11
15
8
6
4
0
3
10
