10
6
1
2
1
18
1
4
2
9
6
10
16
11
10
8
13
4
8
2
10
2
4
18
10
2
4
4
18
5
1
10
2
6
1
18
18
10
18
17
10
4
4
6
3
18
13
4
9
13
4
9
10
13
2
5
4
16
18
1
10
10
1
1
18
2
18
11
18
4
10
10
2
6
8
2
1
4
16
4
0
1
4
4
18
18
6
18
7
4
10
1
1
4
4
4
4
10
1
18
1
4
11
18
10
18
2
11
10
2
18
13
6
16
18
6
18
1
4
11
7
1
2
9
11
18
1
14
6
4
5
10
18
10
6
1
1
18
1
10
4
6
5
1
18
18
16
10
5
4
3
18
1
18
2
18
4
16
18
4
10
1
4
1
4
4
5
8
5
14
4
4
1
18
18
2
18
5
18
14
2
6
18
18
4
4
18
11
1
18
4
16
16
6
18
4
13
1
1
5
4
18
13
1
1
1
14
10
10
1
4
18
4
4
5
4
18
18
18
10
18
7
1
10
4
18
4
18
4
4
4
10
4
1
1
4
1
1
18
1
18
8
18
1
18
4
2
1
11
18
2
4
2
10
4
18
8
4
18
4
1
18
1
10
18
1
5
1
10
18
16
4
1
16
18
8
4
4
4
4
5
10
18
5
2
8
1
10
4
4
18
18
10
4
4
1
1
8
1
1
5
17
4
4
18
18
10
16
18
18
5
18
4
4
13
1
10
18
8
1
3
13
2
2
1
4
4
5
18
1
6
6
13
4
18
16
5
18
16
16
4
18
7
18
18
4
18
18
18
7
1
1
1
18
10
4
18
6
10
4
10
1
4
4
13
1
1
1
5
4
6
16
4
11
4
18
4
1
2
4
6
1
6
10
4
1
11
18
5
2
4
1
16
18
1
10
4
18
4
10
1
18
18
1
4
6
7
4
10
14
7
4
1
1
5
18
4
2
6
1
1
18
10
1
1
2
1
18
1
4
16
4
18
18
6
10
16
4
1
1
10
7
11
18
4
18
1
10
10
5
4
7
1
11
1
14
7
8
1
18
10
16
2
18
5
5
1
6
5
4
18
8
8
1
16
1
5
4
5
4
6
16
2
8
18
4
4
18
4
4
18
1
10
4
18
14
4
18
1
1
1
1
1
18
4
18
18
5
4
4
10
18
8
11
16
16
1
4
18
16
2
2
18
18
18
1
13
18
18
4
18
4
8
1
18
5
16
13
4
17
13
4
4
18
12
4
1
4
18
18
16
18
1
2
4
8
11
18
10
1
18
18
18
4
11
18
17
3
5
10
4
2
2
2
10
1
2
18
18
16
1
4
4
4
18
10
7
18
12
18
13
10
0
18
1
4
10
1
2
1
2
6
18
11
4
9
16
4
5
18
13
8
18
4
10
4
7
10
18
2
10
5
18
18
1
6
18
10
1
12
1
16
4
18
18
1
10
6
18
11
10
1
10
18
4
4
1
4
18
1
1
11
16
4
0
1
10
6
18
18
4
5
4
1
18
10
2
18
16
18
11
1
10
8
1
1
4
1
11
4
18
18
18
1
18
13
5
4
18
1
8
4
18
4
1
1
5
4
10
1
4
10
18
18
4
6
18
4
6
18
11
2
13
1
6
11
10
18
10
6
18
10
13
14
2
10
1
1
1
18
6
18
18
18
1
1
1
2
4
18
1
8
10
1
1
5
18
8
18
4
3
11
18
10
1
4
18
10
4
1
1
4
4
4
18
1
5
1
1
1
4
18
18
4
6
18
4
5
1
4
1
10
4
4
13
1
4
4
18
1
1
10
2
7
8
2
1
18
11
1
1
4
1
1
4
1
1
18
18
13
4
1
1
18
18
5
4
4
2
8
18
13
18
4
18
8
4
10
1
5
1
14
5
16
18
1
6
18
18
4
18
16
10
4
18
4
4
3
18
14
1
18
