2
16
10
18
1
4
1
4
4
18
13
18
18
18
5
4
1
5
11
8
2
18
1
1
4
18
5
13
18
18
5
1
6
9
4
5
18
4
1
3
10
3
1
1
0
1
4
18
5
1
1
2
18
18
1
18
1
8
14
2
4
1
16
18
18
16
18
2
6
5
18
4
8
10
18
4
4
2
4
10
6
2
2
5
18
8
13
1
1
4
5
18
4
16
5
1
18
15
4
16
4
4
18
11
1
11
1
18
4
18
4
18
5
1
1
10
18
18
4
10
1
18
10
18
10
10
4
18
2
10
1
4
18
4
6
2
18
4
4
5
4
8
4
10
18
1
18
2
10
2
4
4
10
4
18
10
4
4
2
10
18
10
4
4
4
4
8
18
4
10
5
1
18
1
18
1
18
11
10
4
4
10
10
10
1
4
4
1
11
1
18
16
4
18
10
18
18
6
1
4
18
4
1
5
1
4
18
10
5
11
4
18
14
8
18
2
2
4
5
1
4
18
4
18
1
4
6
3
1
18
4
2
18
1
4
16
4
4
5
18
1
1
8
1
2
1
18
4
5
1
4
1
18
16
18
13
11
18
18
4
18
18
4
18
1
1
1
4
2
4
4
18
4
1
10
18
4
10
14
18
10
18
2
11
2
1
4
18
2
4
18
18
4
1
4
18
4
4
18
1
1
16
5
16
1
10
18
8
10
4
4
1
6
4
1
4
4
5
4
18
18
4
11
8
18
18
18
5
18
4
18
10
1
1
18
6
18
2
6
18
18
1
18
1
18
14
2
8
4
18
18
18
1
10
4
10
18
10
6
2
1
1
18
4
5
5
14
6
18
2
1
1
18
5
10
7
2
6
4
4
10
18
4
18
4
4
6
4
8
1
1
4
10
4
18
4
8
18
18
1
18
2
1
18
18
4
18
18
1
3
0
14
4
18
1
18
1
10
13
4
1
1
3
4
18
4
4
1
1
4
18
16
6
13
18
4
1
13
4
5
4
1
1
7
18
10
18
1
14
4
10
18
4
16
4
8
16
11
18
16
11
14
13
18
4
10
14
18
7
14
1
4
6
13
18
2
16
14
18
18
8
1
9
13
18
4
18
4
4
6
10
4
1
1
13
18
1
6
18
8
4
1
18
16
3
10
1
7
18
16
4
4
1
4
10
8
18
4
18
16
1
1
1
7
5
2
2
16
1
4
4
1
1
4
16
10
10
1
4
1
10
8
10
1
18
18
8
11
5
4
4
6
16
18
18
1
1
18
1
18
10
12
18
2
3
4
4
2
10
5
16
4
10
2
11
9
18
4
18
5
18
2
18
1
4
11
1
8
1
4
1
6
4
1
1
1
16
1
4
4
5
16
2
5
9
4
4
18
18
10
16
11
4
16
5
0
18
0
1
10
18
16
4
6
18
4
6
16
5
2
13
2
1
5
1
0
5
1
18
1
16
4
1
18
2
1
5
4
4
4
10
4
2
8
18
4
1
18
18
4
1
16
4
18
4
18
10
1
1
18
16
18
10
7
2
10
10
8
10
6
2
1
4
6
16
16
18
18
4
18
1
18
18
1
4
1
1
18
18
5
10
7
2
10
4
4
1
16
5
1
13
18
4
16
5
8
6
4
7
4
1
5
5
16
16
1
18
1
1
18
4
18
5
4
10
1
4
18
1
4
6
1
1
18
4
1
5
4
18
14
1
10
18
7
1
13
4
1
4
4
8
18
4
1
18
10
11
7
11
1
1
18
16
18
4
18
1
1
18
5
17
4
4
18
4
10
2
4
10
10
8
1
2
18
10
13
2
1
4
4
10
4
1
1
18
4
1
1
2
10
4
4
4
18
5
4
1
18
11
1
4
1
1
18
10
16
18
1
1
18
17
1
18
1
4
6
10
18
6
4
1
1
13
9
1
4
1
10
8
10
4
1
