4
3
1
11
3
11
7
8
3
5
8
11
3
11
1
11
8
11
12
1
5
2
5
1
2
4
11
18
4
4
3
2
1
3
6
5
8
11
6
16
10
3
2
3
1
5
11
10
1
1
10
10
11
3
6
6
4
14
4
4
1
3
10
5
8
10
11
2
8
8
1
3
3
10
11
8
10
3
3
11
4
18
4
1
1
2
10
18
11
10
2
4
3
2
6
1
2
4
2
5
11
12
4
8
3
1
13
3
1
3
8
1
11
5
10
8
2
2
1
3
1
3
1
3
1
18
11
3
10
1
1
3
4
3
3
1
10
2
8
1
2
7
3
11
10
3
11
1
1
3
10
4
10
2
3
2
10
18
11
4
8
10
1
5
11
2
18
10
5
3
1
11
2
11
1
4
3
1
3
3
11
11
18
12
1
2
3
8
3
18
11
3
6
4
8
3
8
11
12
5
8
4
11
1
2
3
1
14
11
1
11
2
6
1
1
2
1
3
18
1
4
10
1
3
1
11
11
11
2
8
12
11
1
6
4
3
1
3
1
1
2
11
3
1
11
13
5
4
1
4
1
4
6
4
1
1
12
6
2
2
4
2
2
18
18
11
1
11
18
1
18
4
8
2
2
18
3
2
1
16
8
11
6
4
6
3
1
3
5
5
3
16
3
8
11
3
3
2
3
1
3
4
11
14
7
1
6
2
8
1
11
5
1
13
5
1
6
3
3
11
10
18
2
10
11
7
3
4
6
2
11
11
6
11
1
8
3
18
3
1
1
3
3
2
3
4
14
3
3
10
4
2
6
8
18
4
1
18
10
4
8
3
12
8
8
6
1
5
2
11
6
3
3
2
3
1
1
4
1
11
4
18
3
10
8
3
18
3
1
1
1
10
1
11
10
4
4
1
10
2
4
1
6
8
11
1
10
1
11
11
18
1
11
2
3
18
3
4
3
4
3
3
10
5
7
9
11
1
6
5
4
2
4
3
2
1
2
11
3
1
12
2
3
1
8
12
8
3
9
3
4
2
8
16
5
1
3
4
2
14
4
3
1
3
11
1
8
6
1
1
11
10
3
10
3
1
1
6
3
6
1
1
5
13
3
7
4
3
3
3
10
3
11
1
16
1
7
3
6
8
4
11
4
1
2
10
2
5
11
1
8
0
3
5
4
13
1
10
4
10
1
16
10
10
3
10
4
11
2
8
3
6
13
1
10
8
13
1
12
5
18
11
11
1
3
6
3
18
1
6
6
3
2
1
6
2
2
5
3
4
11
10
4
14
13
11
11
4
3
11
11
6
3
4
5
11
2
5
1
1
4
4
11
1
2
1
11
4
4
10
1
3
10
3
3
1
1
8
5
3
