4
11
11
7
7
5
3
8
13
4
9
13
12
1
1
2
11
0
5
5
12
13
1
7
6
14
3
5
16
3
15
16
15
14
11
15
7
3
0
16
10
8
2
6
1
8
18
7
4
11
5
11
13
16
1
8
1
18
16
16
7
4
6
17
13
4
15
10
10
11
18
0
0
7
14
8
2
2
5
10
10
17
5
18
9
1
7
2
10
18
17
7
1
3
17
12
1
1
14
15
0
8
10
13
10
9
16
16
16
11
2
18
2
9
1
17
9
5
3
17
10
4
2
16
9
2
18
5
12
10
17
12
17
0
1
8
2
11
10
14
2
10
13
12
10
5
13
4
6
7
16
4
14
9
8
4
12
11
1
12
16
16
7
5
11
17
14
7
14
16
11
7
13
7
16
13
7
18
1
16
8
1
11
14
2
17
10
11
4
18
10
6
6
16
5
6
12
5
5
2
0
18
6
1
7
1
2
5
6
8
10
9
4
8
1
17
3
10
8
8
7
2
12
15
1
16
18
3
2
3
9
12
4
4
18
12
1
5
2
18
5
0
14
17
6
2
10
11
4
2
13
10
3
9
14
10
17
17
11
5
1
4
13
3
11
0
6
18
5
15
10
7
9
12
16
7
6
18
11
11
7
13
13
17
18
8
8
1
5
17
18
2
17
10
3
13
1
7
6
1
8
12
8
4
15
11
14
3
16
7
5
18
17
10
1
16
15
2
4
12
10
18
0
5
6
10
6
16
13
6
9
14
15
5
8
11
13
18
16
11
12
9
4
5
14
11
14
4
4
18
5
13
14
8
11
14
9
15
5
13
1
8
18
8
0
2
18
15
4
1
8
1
16
2
5
0
16
7
2
14
3
6
17
13
13
14
18
0
10
6
6
1
10
13
11
14
3
5
2
1
16
18
11
3
6
16
1
1
17
10
7
12
2
17
15
6
6
7
18
11
16
2
7
2
17
18
3
13
2
14
17
3
10
14
8
0
8
11
3
12
6
5
10
16
8
10
3
4
18
6
9
14
7
13
14
0
8
14
14
4
11
8
14
14
1
1
0
8
4
15
17
18
5
14
3
11
4
4
10
15
7
14
17
6
3
12
17
2
3
1
12
17
6
16
1
17
18
3
2
16
15
8
13
7
13
10
5
10
5
7
7
1
12
4
13
2
16
10
9
7
14
7
4
4
10
11
4
11
10
4
1
11
18
9
9
10
5
14
18
1
18
1
6
14
15
7
8
7
9
11
16
11
4
6
6
0
1
1
2
1
18
17
11
17
15
16
8
14
11
12
5
18
14
12
10
16
8
16
10
8
0
13
9
1
17
18
13
3
8
1
2
8
9
3
8
10
13
16
0
