11
11
4
11
3
3
12
3
1
10
3
4
10
8
10
8
1
4
10
8
1
1
1
6
1
11
3
4
8
3
18
2
6
3
8
2
3
4
13
16
5
3
8
11
1
11
3
10
14
5
11
4
3
16
1
1
5
18
5
3
3
3
5
6
11
1
4
11
17
1
1
10
1
4
1
8
3
10
1
4
11
14
11
1
11
10
1
3
2
5
12
2
3
3
3
1
11
1
11
1
2
4
11
5
1
8
1
1
10
11
1
3
1
1
10
11
1
11
10
5
3
12
8
3
4
4
1
3
12
3
1
10
11
8
18
2
6
2
10
1
3
10
8
10
6
3
10
10
14
1
2
1
3
2
4
2
5
4
3
1
1
3
8
1
4
18
13
4
3
1
18
1
16
11
1
3
7
14
8
4
1
3
2
5
1
1
11
2
15
4
1
2
1
3
11
4
16
3
11
2
1
3
11
10
3
10
1
3
11
10
2
1
5
11
1
4
18
2
8
3
3
3
3
3
18
8
0
2
10
3
3
1
11
13
4
1
18
11
3
3
5
1
10
4
2
1
3
11
2
3
12
4
4
1
4
12
7
1
6
2
1
11
11
11
18
5
10
8
2
1
0
1
5
1
1
11
4
10
15
10
13
1
3
4
11
6
1
6
3
12
6
2
3
11
7
4
11
11
11
1
1
1
3
15
1
2
12
2
6
3
1
10
3
3
18
4
3
4
1
1
1
4
3
1
3
4
4
11
10
1
3
16
11
8
5
3
11
16
10
1
10
1
16
3
11
1
5
5
2
3
2
5
3
10
1
4
2
10
10
4
4
2
3
10
6
4
10
2
17
1
1
14
3
4
3
4
8
1
18
10
3
5
3
1
3
3
3
3
3
18
18
3
3
6
11
16
2
8
4
8
6
10
3
3
2
11
12
4
16
4
6
3
18
11
1
3
11
3
4
5
6
10
3
8
3
11
11
5
4
11
2
8
2
10
1
8
7
18
3
6
1
5
10
5
8
18
2
12
1
5
18
11
1
2
8
11
11
11
1
11
4
4
2
11
2
4
11
2
6
2
18
10
8
8
3
8
2
6
11
2
3
8
1
8
3
13
4
11
5
11
3
2
11
10
1
10
10
3
17
10
10
3
11
5
4
3
4
1
2
3
4
2
4
8
1
1
6
5
18
6
10
1
3
1
3
11
13
18
18
11
11
12
2
3
1
4
17
16
8
1
8
7
11
4
12
4
2
18
1
1
5
12
8
1
6
3
5
11
10
11
8
3
3
6
13
3
3
11
3
4
3
11
3
2
8
11
9
1
8
1
10
1
16
11
1
11
11
11
5
4
4
11
3
1
13
4
3
6
18
8
