17
18
8
1
4
10
10
10
8
5
11
0
18
12
8
16
13
12
11
8
16
4
17
4
4
14
14
2
16
4
8
7
13
4
7
7
11
7
11
4
7
17
0
12
10
6
18
1
13
4
6
16
4
14
3
4
0
16
16
18
11
7
7
4
12
8
18
4
18
4
17
2
3
4
2
3
2
0
3
2
8
17
4
15
5
3
15
3
4
3
18
14
12
10
7
17
3
8
1
9
1
4
17
6
1
1
18
5
7
18
17
1
11
18
18
7
13
7
5
12
8
2
3
17
11
18
7
10
6
18
16
7
17
17
10
12
0
18
1
11
3
11
2
8
4
4
4
2
13
3
0
1
3
11
0
1
8
2
2
1
3
9
8
4
16
12
10
6
0
8
5
1
18
18
2
11
15
16
14
6
13
3
11
13
17
4
7
4
14
18
16
18
8
6
14
13
16
12
12
16
4
7
2
7
16
3
18
1
3
7
8
4
1
12
3
15
17
3
7
3
3
13
2
17
14
9
1
18
8
3
14
3
6
12
3
9
0
7
6
12
10
0
18
10
18
3
4
9
17
11
11
2
4
1
6
8
17
11
6
10
13
14
6
4
2
13
8
10
18
2
14
18
10
14
3
10
6
5
18
13
11
12
1
12
11
13
1
12
12
3
7
13
18
11
18
4
1
5
1
13
10
7
1
6
3
15
8
13
15
11
8
2
11
6
8
11
8
15
3
8
8
2
18
0
5
0
5
1
3
16
17
3
11
7
18
18
12
3
7
17
8
1
9
16
0
10
8
17
3
5
16
8
8
9
12
5
11
6
10
1
2
3
7
5
4
17
2
3
14
18
6
11
9
1
10
16
5
6
11
14
3
15
9
11
16
6
11
4
8
17
14
9
14
11
3
18
1
5
16
2
18
8
12
12
5
1
10
15
0
7
3
18
3
16
9
2
10
2
13
12
18
7
9
12
8
16
5
2
14
2
18
4
3
3
5
18
12
5
17
8
16
1
13
15
14
9
18
2
13
1
4
11
14
10
16
18
2
1
10
3
3
8
15
1
10
1
4
16
14
18
14
12
9
6
4
2
6
8
9
14
18
4
18
14
2
5
1
5
4
5
10
1
1
2
10
18
2
18
17
1
3
13
10
14
1
18
18
12
13
10
18
1
2
5
0
16
10
6
12
18
4
13
16
0
10
10
1
7
11
2
4
6
13
8
8
7
14
18
6
13
3
15
1
12
2
18
1
13
5
10
14
14
8
16
5
18
18
13
1
4
11
15
0
11
3
4
14
5
2
18
8
3
15
3
11
8
14
4
14
5
8
1
9
10
6
9
17
16
11
4
13
4
18
4
10
5
7
16
18
