17
8
18
1
6
3
13
8
7
10
5
8
15
1
15
2
17
1
5
10
5
13
3
4
7
6
1
16
14
0
16
14
7
12
9
17
8
17
16
6
15
10
0
0
15
13
2
1
4
0
0
14
14
15
12
0
1
9
3
18
11
12
10
3
14
16
14
2
0
18
16
16
0
15
14
6
3
9
17
11
7
16
14
14
18
6
11
0
17
8
1
7
11
14
0
5
15
17
2
10
12
8
14
13
14
0
12
10
1
0
1
2
2
7
17
11
14
15
13
9
2
5
9
1
4
7
8
5
11
1
2
0
3
5
9
5
1
11
4
0
16
15
4
8
11
5
12
10
4
13
9
5
4
4
12
6
18
15
0
0
16
10
17
0
10
7
12
18
2
11
18
0
2
8
6
16
1
2
10
5
5
8
2
17
6
13
18
10
15
4
13
13
11
3
4
8
2
4
15
5
0
18
8
2
13
0
5
14
10
5
12
14
13
6
18
13
10
6
16
16
15
11
16
14
10
10
5
1
15
12
0
4
4
2
18
8
14
0
15
2
13
18
10
16
17
2
16
5
12
0
7
8
4
12
2
18
9
15
9
12
18
12
16
15
0
11
1
5
18
12
15
12
4
0
0
5
14
15
16
15
17
9
3
3
2
7
8
17
12
11
8
8
9
0
16
17
4
9
10
7
18
5
16
18
14
5
2
12
1
8
0
9
4
14
6
6
6
3
4
11
7
2
6
1
15
18
1
1
14
16
18
13
2
18
14
18
13
11
2
10
9
12
13
11
12
10
18
6
3
16
0
15
7
12
14
1
0
7
3
10
6
15
4
15
6
4
12
12
11
4
2
9
11
10
6
8
3
16
0
11
4
2
15
3
4
4
14
7
15
16
13
0
3
18
13
7
16
5
16
7
12
18
16
7
11
1
15
13
18
8
7
4
18
2
4
8
5
17
0
14
7
4
6
12
5
5
6
2
3
16
16
9
6
9
12
1
13
9
18
18
2
8
17
14
4
1
8
16
4
3
16
16
12
7
4
6
13
10
3
13
11
12
11
7
14
2
5
7
8
13
8
7
3
5
5
9
0
14
5
18
16
7
7
14
18
1
2
16
12
10
14
13
8
10
7
0
10
0
3
13
7
10
5
17
9
3
12
6
15
4
2
7
5
18
2
5
2
4
17
11
10
12
16
15
11
18
2
6
11
1
12
13
8
13
11
3
5
10
2
3
5
1
3
5
16
7
17
12
5
2
15
13
1
0
10
17
9
11
6
11
10
8
11
1
15
5
16
11
3
0
9
6
1
7
18
17
18
2
12
11
6
1
13
3
10
14
8
9
9
15
17
2
17
17
11
0
0
12
16
