11
4
1
11
1
2
2
14
11
7
3
14
6
1
11
10
10
2
5
3
18
11
3
4
1
1
1
5
1
11
5
3
1
8
11
10
10
11
11
1
1
11
11
10
3
2
11
3
1
10
11
2
1
11
2
16
3
16
3
1
3
11
18
5
10
1
10
2
8
3
6
4
16
10
3
18
4
4
1
1
16
5
12
8
16
5
1
6
18
18
1
4
11
11
11
12
1
3
14
18
18
11
4
11
18
8
11
11
4
3
11
2
2
1
4
18
18
11
5
4
3
5
18
6
3
8
4
1
18
1
3
3
1
1
8
10
2
4
18
8
18
2
11
1
11
1
1
18
11
1
4
4
4
11
11
3
8
7
3
10
11
3
1
3
4
3
4
2
10
3
1
4
11
10
11
2
1
3
4
3
3
3
1
8
3
18
11
18
10
2
2
1
5
8
11
8
11
3
3
1
10
8
4
3
5
10
2
2
11
7
16
3
3
6
3
4
8
11
11
6
16
1
10
3
5
8
2
6
6
18
3
5
4
1
1
2
11
18
3
16
1
2
1
18
11
3
4
3
1
11
8
10
4
3
8
1
11
1
2
12
3
1
1
7
4
6
18
10
11
8
8
3
2
3
3
5
1
11
8
8
10
5
1
1
1
8
2
4
3
14
8
10
3
8
8
3
2
1
1
1
1
3
11
10
6
4
18
18
6
3
8
10
12
1
11
11
11
1
4
1
1
2
1
2
3
1
5
4
11
10
6
2
3
1
2
12
4
11
3
4
3
3
3
8
4
16
11
15
12
11
1
12
8
3
10
4
12
8
2
2
12
4
4
1
11
1
1
8
6
1
4
5
3
1
6
2
5
10
11
10
3
4
11
11
11
3
3
14
4
3
8
1
4
4
10
16
10
4
11
1
13
6
1
3
4
10
5
1
1
7
10
12
10
11
7
14
11
1
11
3
1
5
11
1
3
3
3
1
4
3
11
12
1
3
8
10
1
18
7
4
10
3
6
11
4
8
3
1
10
8
1
1
1
1
2
6
2
7
3
6
3
3
1
11
8
7
5
2
11
4
8
2
5
8
4
11
3
3
11
3
16
11
3
7
11
18
18
5
8
4
5
1
11
12
4
2
3
11
5
3
11
5
1
10
18
6
1
10
18
1
10
4
11
16
10
4
3
18
5
11
11
10
3
8
10
11
11
3
2
16
1
4
4
1
8
2
18
3
3
11
1
3
8
4
2
10
1
1
6
4
11
10
10
16
3
10
1
3
6
3
4
18
4
18
3
12
4
3
6
11
1
4
7
4
7
3
3
11
3
18
1
3
1
4
11
6
4
3
6
18
10
1
11
1
6
2
10
11
1
3
