4
11
3
5
3
10
1
3
6
8
1
11
3
6
18
16
6
5
10
1
10
4
3
16
2
10
11
11
2
4
10
7
3
11
1
3
4
4
3
3
1
1
2
1
3
2
8
11
6
3
11
6
1
13
2
3
7
2
6
2
12
10
6
11
1
11
1
11
1
2
4
10
3
8
8
1
6
4
2
3
2
4
11
16
3
10
7
11
1
11
10
5
11
2
1
8
3
1
3
18
11
1
1
12
11
3
3
2
12
3
11
1
6
12
18
8
11
1
11
4
1
3
3
3
11
11
5
11
18
3
5
2
2
5
5
4
3
16
6
11
11
5
2
1
11
1
4
11
3
7
1
16
4
1
10
1
3
6
3
18
8
18
11
18
1
4
18
10
4
3
1
16
3
6
2
11
6
2
3
4
4
3
3
18
4
4
1
1
4
1
16
4
2
3
11
3
1
11
1
12
3
4
2
6
1
3
6
2
4
7
10
7
2
11
5
7
1
2
11
5
4
4
3
1
1
10
3
4
2
4
16
4
11
12
6
2
11
11
3
3
5
3
11
1
5
1
3
4
11
4
7
2
4
3
10
4
10
5
11
10
11
18
10
2
4
3
2
11
8
2
3
6
1
1
2
1
11
11
2
3
10
10
12
6
2
5
3
3
2
11
18
8
5
10
10
7
10
1
3
8
3
4
6
3
1
6
4
10
11
1
2
11
2
10
4
1
8
6
3
10
4
6
8
1
18
8
4
11
1
3
6
3
11
18
3
3
3
18
11
3
10
14
10
6
4
3
11
11
5
2
1
1
11
11
16
11
8
12
11
1
1
1
2
11
1
11
11
1
16
11
11
2
7
2
1
6
10
16
10
10
8
5
18
5
8
8
2
1
2
7
4
11
6
4
18
8
18
12
3
3
8
4
5
8
11
8
6
3
1
8
5
10
8
1
16
11
6
11
18
11
18
11
11
18
3
4
11
1
1
11
4
18
3
4
10
1
2
1
10
18
6
7
18
1
8
4
3
18
12
10
1
3
5
10
2
5
11
1
1
6
4
12
16
11
10
1
8
4
2
18
11
10
4
11
6
3
5
12
11
4
12
12
11
7
11
16
16
3
3
3
3
1
4
3
4
1
2
18
16
3
1
3
3
3
5
11
1
1
18
10
1
1
4
1
10
11
1
3
1
10
16
5
1
10
1
2
4
3
1
4
1
3
1
4
10
11
6
4
3
2
2
2
1
10
1
10
10
10
7
4
3
4
1
3
18
1
18
11
7
11
10
2
4
1
11
8
7
2
7
1
7
1
3
11
4
3
12
6
18
10
3
2
18
16
11
18
6
11
4
5
4
6
3
1
18
3
1
8
1
1
