11
4
1
11
1
2
2
18
11
7
3
6
6
12
11
10
10
2
5
3
4
11
3
4
6
11
1
5
18
11
18
3
1
8
11
10
1
11
11
1
2
11
2
4
3
2
11
3
1
10
11
2
6
11
2
16
3
16
3
1
3
11
18
5
10
1
10
12
8
3
4
18
16
10
3
18
1
1
11
1
18
5
12
8
16
5
1
6
18
7
1
4
11
11
11
12
1
3
6
18
4
11
4
1
1
4
11
11
4
3
11
2
2
1
4
18
18
11
5
4
3
5
4
6
3
8
4
12
18
1
3
3
1
4
8
10
2
18
4
8
18
2
11
18
11
1
4
18
11
1
1
18
4
11
2
3
8
2
3
10
11
3
1
3
4
3
4
2
8
3
1
4
11
10
11
2
1
3
4
3
3
3
1
8
3
4
11
18
10
2
2
5
5
8
5
8
11
3
3
4
10
8
18
3
5
10
2
2
11
7
16
3
3
6
3
4
8
11
11
6
16
1
10
3
5
8
2
6
6
18
3
18
4
1
1
2
11
18
3
11
1
2
1
1
11
3
4
3
1
11
8
10
1
3
8
1
11
1
2
12
3
7
4
7
18
6
4
10
11
8
8
3
2
3
3
5
1
11
8
8
10
5
1
1
1
8
2
18
3
18
8
10
3
8
8
3
2
1
1
1
1
10
11
10
12
18
18
4
6
3
8
10
12
1
11
11
11
18
18
1
1
2
1
2
3
1
5
4
11
10
6
2
3
4
2
12
18
11
3
4
3
3
3
8
4
16
11
16
2
11
1
12
8
3
10
4
12
8
2
2
6
11
18
1
11
18
18
8
1
5
4
4
3
6
6
2
5
18
11
10
3
18
11
1
11
4
3
6
4
3
8
1
18
1
10
16
10
1
11
7
18
6
6
3
4
10
5
6
1
7
10
12
3
11
2
4
11
1
11
3
1
5
11
10
3
3
3
1
4
3
2
12
18
3
8
10
1
18
2
4
10
3
6
11
4
8
3
1
10
8
1
1
1
1
2
6
2
11
3
6
3
3
1
11
8
3
5
2
11
4
8
2
7
8
1
4
3
3
11
3
16
11
3
7
11
4
1
5
8
4
5
4
11
12
1
2
3
11
5
3
11
5
1
10
1
1
12
10
18
1
10
1
11
18
10
7
3
4
5
11
11
10
3
8
10
11
11
3
2
16
1
4
18
1
8
2
18
3
3
11
1
3
8
6
2
10
1
11
6
7
11
10
10
16
3
10
1
3
4
3
16
6
18
18
3
1
4
3
6
11
1
18
7
4
2
3
3
11
3
11
4
3
1
7
11
6
11
3
6
18
10
1
11
12
6
2
10
11
16
3
