11
4
1
11
1
2
2
4
11
7
3
9
6
3
11
10
8
2
2
3
18
11
1
4
1
1
1
5
1
11
11
3
1
8
11
10
10
11
11
1
6
11
2
10
3
2
11
3
1
10
11
2
1
11
2
11
3
16
3
1
3
11
18
5
10
1
10
8
8
3
4
4
16
10
3
18
4
4
1
1
11
5
12
8
16
4
1
6
18
13
1
4
11
11
11
12
1
3
4
18
18
11
4
18
18
4
11
1
4
3
11
2
2
1
7
18
18
11
5
16
3
5
18
6
3
8
4
12
18
1
3
3
1
1
8
10
2
4
18
8
18
2
11
1
11
4
1
18
11
1
1
4
15
11
2
3
8
2
3
10
11
3
1
3
4
3
8
2
8
3
1
18
11
8
11
2
1
3
4
3
3
3
1
8
3
18
11
18
10
2
2
1
5
8
5
8
11
3
3
13
10
10
16
3
5
10
2
2
11
7
16
3
3
13
3
4
8
11
11
14
7
1
10
3
5
8
11
6
15
18
3
5
4
1
1
2
11
18
3
15
1
2
1
18
11
3
4
3
1
11
8
10
4
3
8
1
11
4
2
12
3
1
4
7
6
6
18
11
11
8
10
3
2
3
3
5
1
11
8
8
10
5
1
1
1
8
2
4
3
14
8
10
3
8
8
3
2
1
1
1
1
3
11
10
6
10
18
11
6
3
8
11
1
1
11
11
11
1
4
1
1
2
1
2
3
1
17
11
11
10
6
2
3
1
2
12
4
11
3
4
3
3
3
8
4
13
11
15
1
11
4
12
8
3
10
4
12
8
2
2
1
4
4
1
11
1
1
8
1
5
8
5
3
1
6
2
14
4
11
2
3
4
11
1
11
3
3
6
4
3
8
1
4
4
10
16
10
17
11
1
13
6
17
3
4
10
5
1
1
7
10
12
3
11
2
10
11
1
11
3
1
5
11
1
3
3
3
1
4
3
11
12
1
3
8
10
1
18
1
4
10
3
6
11
4
8
3
1
10
8
4
1
1
1
2
6
2
11
3
6
3
3
1
11
8
11
5
2
11
11
8
2
5
8
4
11
3
3
11
3
4
11
3
2
11
18
18
5
8
4
5
1
11
12
16
2
3
11
5
3
11
5
1
10
18
4
1
10
18
1
18
4
11
4
10
7
3
18
5
11
11
8
3
8
10
11
11
3
2
1
1
4
4
1
8
2
18
3
3
11
1
3
8
4
2
10
1
1
6
5
11
3
10
16
3
10
1
3
6
3
4
6
5
18
3
1
4
3
6
11
1
4
2
4
11
3
3
11
3
18
1
3
1
4
11
6
4
3
14
13
10
12
11
12
14
2
10
11
1
3
