1
3
7
6
6
5
3
1
2
11
17
7
7
9
13
6
2
4
9
1
10
18
0
15
17
8
3
6
18
11
18
18
12
6
18
4
10
18
14
8
14
7
10
5
18
7
16
11
7
17
2
11
5
12
10
14
10
11
4
17
18
5
11
13
7
11
7
18
5
13
1
1
2
3
1
10
5
2
11
6
7
8
8
9
16
2
15
2
18
0
3
1
8
6
6
8
10
4
16
11
11
2
2
18
14
17
1
13
15
4
4
15
4
15
5
16
3
12
7
12
7
3
13
8
5
18
18
10
3
4
4
2
10
11
2
0
10
7
12
1
14
7
9
4
15
6
3
16
13
5
11
2
3
12
16
13
7
4
1
4
4
12
11
3
2
18
14
4
13
4
17
4
13
5
12
15
8
12
17
11
18
17
4
3
15
16
6
7
12
2
2
0
0
8
18
6
10
14
12
15
9
16
10
18
4
5
15
6
1
18
15
5
10
18
6
11
9
11
18
1
16
16
4
4
11
5
13
9
4
3
7
14
16
1
1
17
3
12
13
4
3
1
16
0
8
2
3
10
9
6
8
2
3
17
12
14
13
12
1
15
6
3
11
13
4
9
3
10
11
6
2
8
11
2
17
5
3
6
11
10
1
11
4
8
11
7
4
5
4
13
11
6
7
8
8
14
3
8
6
9
7
1
2
17
6
2
13
8
13
1
17
5
6
13
4
4
12
2
11
2
2
7
12
5
6
10
0
2
5
3
7
5
11
10
3
18
13
1
7
1
6
1
10
2
8
13
17
11
1
1
14
3
3
15
3
10
7
10
18
4
6
16
18
12
11
4
1
4
17
15
7
1
7
12
17
2
16
10
13
3
10
0
7
7
5
11
14
11
1
6
5
1
6
9
2
3
10
14
1
6
8
18
17
4
8
8
1
5
1
2
3
11
6
3
16
12
3
5
16
17
12
14
1
3
11
18
2
3
5
14
8
15
12
3
4
5
16
10
4
8
2
3
16
6
6
9
18
6
14
6
7
18
14
2
2
11
7
16
7
7
15
4
5
0
14
3
17
0
3
9
11
4
10
12
6
7
12
2
18
7
1
7
4
11
3
15
9
5
3
15
3
3
8
1
6
17
18
12
4
2
14
16
7
10
1
18
6
9
3
1
11
12
4
1
14
9
3
2
16
3
5
16
14
12
18
12
2
2
17
2
6
6
8
11
16
16
7
7
17
17
4
10
17
1
12
18
11
10
9
6
14
10
17
13
16
0
1
1
15
4
13
17
16
5
4
18
6
10
16
10
18
15
16
17
15
9
1
15
16
6
18
1
6
12
10
5
18
6
1
10
5
10
10
8
10
5
13
11
10
