1
3
7
14
6
5
3
4
2
11
17
7
7
9
13
6
7
1
9
1
10
10
0
15
17
8
3
6
1
11
18
18
12
6
8
18
10
18
14
8
14
7
10
18
18
7
16
11
7
17
2
11
5
12
10
14
10
11
1
17
1
5
11
13
7
11
7
1
4
13
1
1
2
2
1
10
5
2
11
6
7
8
8
9
16
2
15
2
18
0
3
18
8
6
6
8
10
4
16
11
1
2
2
18
14
17
1
13
15
18
4
15
4
15
5
16
1
12
7
12
11
3
13
8
4
16
1
10
3
18
13
2
10
11
2
0
10
7
12
5
14
7
9
18
15
6
3
16
13
5
16
2
3
12
18
13
7
4
1
4
4
12
11
3
10
18
14
18
13
18
17
4
13
5
12
15
8
12
17
16
18
17
18
3
15
16
6
7
12
2
2
0
0
8
4
6
17
14
12
15
9
16
10
18
13
16
15
6
1
18
15
5
10
18
6
11
9
11
14
4
16
16
1
4
11
5
13
9
1
3
7
14
16
18
4
17
3
12
13
4
3
1
16
0
8
2
3
10
9
6
8
2
3
17
12
14
13
12
1
15
6
3
11
13
4
9
3
10
11
2
2
8
11
2
17
5
3
6
11
10
1
11
5
8
11
7
4
4
5
13
11
6
7
8
8
14
3
8
6
9
7
4
2
17
6
2
13
8
13
1
17
5
6
13
1
4
12
1
11
2
2
7
12
5
6
10
0
2
5
3
7
5
11
10
3
18
13
4
7
10
6
1
4
2
10
13
17
11
4
1
14
3
3
15
3
10
7
10
18
18
14
16
4
12
11
4
13
4
17
15
7
1
7
12
17
2
16
10
13
3
10
0
7
7
5
11
14
11
1
1
5
1
1
9
2
3
10
14
4
6
8
2
5
1
8
8
1
5
1
2
3
11
6
3
16
12
3
5
16
17
12
14
6
3
11
17
2
3
5
14
8
15
12
3
13
5
16
10
14
8
2
3
16
6
6
9
18
14
14
6
7
18
14
2
2
11
7
16
7
7
15
18
5
0
14
3
17
0
3
9
11
18
10
12
6
7
12
2
1
7
18
7
4
11
3
15
9
1
11
15
3
3
8
1
6
17
18
6
4
2
14
16
7
10
1
1
6
9
3
1
11
12
18
1
14
9
3
2
16
3
4
16
14
12
18
12
4
2
17
2
6
10
8
11
16
16
7
7
17
17
4
10
17
1
12
13
4
6
9
6
14
10
17
13
16
0
7
1
15
1
13
17
16
5
4
18
6
10
18
10
18
15
16
17
15
9
6
15
16
6
18
1
6
12
10
5
16
6
17
10
4
10
10
10
10
5
13
11
10
