3
10
3
1
4
18
1
2
11
3
1
3
4
1
6
10
5
5
6
8
4
3
3
18
13
8
10
11
8
1
3
1
4
3
8
2
8
10
8
18
3
8
4
12
3
3
18
2
3
3
2
11
2
16
11
2
2
5
16
11
3
8
3
10
8
1
12
11
3
1
18
13
8
6
2
18
1
3
1
8
2
4
3
12
10
1
1
12
11
3
11
3
4
3
1
3
1
3
11
2
16
3
5
3
1
4
10
4
3
3
3
10
11
2
10
2
5
12
7
4
10
8
3
1
11
1
2
1
13
4
3
3
18
10
3
18
11
11
11
10
6
3
3
1
3
8
1
11
11
18
1
3
7
2
2
11
2
7
2
3
8
10
2
11
2
1
1
3
3
8
8
1
4
13
10
11
1
11
10
11
3
10
1
5
17
6
1
11
18
8
10
10
1
14
8
12
10
10
2
1
2
11
2
11
3
1
3
2
13
11
3
2
1
11
4
3
1
7
2
10
2
11
3
11
12
13
3
2
10
11
2
2
10
1
4
11
5
10
1
3
18
11
8
8
3
1
6
3
5
16
11
10
1
3
6
5
14
5
1
1
11
18
10
10
8
8
4
16
4
4
1
3
3
3
14
2
1
1
1
4
3
4
4
18
3
4
3
11
5
8
11
18
4
4
10
11
3
8
10
11
8
8
4
8
5
2
12
1
5
3
8
1
11
8
2
3
3
1
5
11
1
11
1
3
3
3
11
3
1
1
11
8
6
11
2
10
3
4
4
18
1
4
10
6
18
1
1
8
3
11
6
6
5
11
6
11
2
1
3
15
18
8
1
5
3
1
3
2
4
3
3
16
1
3
12
1
14
2
3
17
3
2
3
8
4
14
11
8
11
6
11
8
12
5
8
10
11
6
2
18
1
16
2
11
4
16
5
4
11
10
5
12
8
16
10
1
3
4
1
3
2
2
10
3
1
3
12
3
1
4
4
13
1
1
3
7
8
1
16
1
4
6
3
18
16
4
6
8
18
4
10
1
1
4
8
4
1
3
18
2
1
2
16
11
7
11
3
1
18
10
10
3
3
11
1
10
1
2
3
2
3
6
1
8
10
8
4
1
3
8
8
3
3
4
1
2
7
3
1
3
4
3
4
1
16
14
13
10
8
11
10
12
3
3
6
11
4
3
2
8
16
11
10
3
4
11
11
8
10
1
1
6
11
4
6
18
10
8
8
3
5
6
16
11
4
4
8
3
4
3
11
1
12
11
4
3
4
4
1
11
0
3
10
3
18
11
4
11
11
5
12
6
1
6
11
11
1
1
1
8
1
8
1
2
2
3
11
18
4
1
1
11
4
13
1
5
4
10
4
1
