3
10
3
1
4
4
18
2
11
3
1
3
4
18
6
10
5
5
6
8
4
3
3
1
18
8
10
11
8
1
3
4
4
3
8
2
8
1
8
1
3
8
4
12
3
3
4
2
3
3
4
1
2
16
11
2
12
5
18
11
3
8
3
10
8
1
12
11
3
4
10
4
8
6
7
18
1
3
1
10
2
18
3
12
10
1
1
12
11
3
11
3
18
3
1
3
1
3
11
2
1
3
5
3
4
4
10
1
1
3
11
10
11
2
10
2
1
12
7
1
8
8
3
1
11
18
2
1
1
1
2
3
18
10
3
4
11
11
11
10
6
3
3
1
3
8
4
11
11
18
3
3
7
2
2
11
2
2
7
3
8
10
2
4
2
1
4
3
3
8
8
4
4
4
10
11
7
11
10
2
3
10
1
18
5
6
4
11
1
1
8
10
1
4
8
2
10
4
2
4
2
11
2
11
3
4
3
2
4
11
3
2
1
11
11
3
1
7
2
10
2
11
3
11
12
2
3
1
10
11
11
2
10
1
18
11
5
10
1
3
8
11
8
8
3
1
6
3
1
16
11
10
1
3
6
4
6
5
1
18
11
1
10
10
8
8
4
16
1
1
1
3
3
3
4
3
1
18
1
4
3
4
4
18
3
4
3
11
5
8
11
1
4
5
10
11
3
8
10
11
8
8
18
8
5
2
12
1
5
3
8
1
11
8
2
3
3
1
5
11
1
11
1
3
3
3
11
3
1
1
11
8
1
11
2
10
4
10
1
4
1
4
10
6
1
1
1
8
3
11
6
1
3
11
6
11
2
1
3
16
18
8
1
5
3
1
3
2
7
1
3
16
1
3
12
1
6
2
3
5
3
2
3
8
4
6
11
8
11
6
11
8
12
16
8
10
11
6
4
1
1
16
2
11
5
1
1
1
11
10
8
12
8
16
10
1
3
4
4
3
2
2
10
3
16
3
12
3
1
4
5
1
1
1
3
1
8
4
1
1
18
6
3
4
16
16
6
8
1
1
10
1
1
1
8
4
1
3
1
18
4
2
16
11
7
11
3
1
8
10
10
3
3
11
1
10
18
2
3
2
3
6
1
8
10
8
4
1
3
8
8
3
3
1
1
1
7
3
7
3
1
3
1
3
16
6
4
10
8
11
10
12
3
3
6
11
1
3
2
8
16
2
10
3
4
11
11
8
10
1
1
6
4
4
6
4
10
4
8
3
7
1
1
11
16
4
8
3
4
3
11
1
12
11
1
3
4
1
1
11
6
3
10
3
1
11
4
11
11
5
12
6
1
6
11
11
1
1
1
8
5
8
1
2
7
3
4
4
5
1
1
11
1
13
7
5
4
10
4
4
